001:0:-412.23904555866994:-314.6715731082374:163.95153286488753:0.9276609811230447:0.289924804432676:-0.23534800121857297:0.3653480253308258:-0.5742979133633195:0.7325999390713512:0.07723899126842582:-0.7655882888596645:-0.6386772138683732
001:1:-403.38406184611995:-309.20112022512404:163.84970199892837:0.9354912091624149:0.2769104608823532:-0.21949212286609388:0.3448524597624898:-0.5800798432040482:0.737959414708218:0.07702571085746863:-0.7660468737673082:-0.638152847721102
001:2:-378.3592085183164:-293.741134621646:163.56184028028684:0.9552699626659441:0.23928170804567855:-0.17379194411141488:0.2857078916615384:-0.5949789172257256:0.7512460948511223:0.07635688782701207:-0.7672964912678607:-0.6367302248068213
001:3:-339.47440081240205:-269.7186951563985:163.11460621564146:0.9788007334043087:0.17848661856623874:-0.10045740943532043:0.19054329125167532:-0.6136593199395295:0.7662346479358668:0.07511600630866953:-0.7691324886158143:-0.6346595850989594
001:4:-289.0397082839377:-238.56088068797683:162.53452328305502:0.9953509316107941:0.0962873083424401:-0.0022857310396596827:0.06263930477292248:-0.6291294022474578:0.7747726459452496:0.07316274900327858:-0.7713138186341147:-0.6322358515893856
001:5:-229.36502688026405:-201.69475078517408:161.84817282999708:0.9932698934939189:-0.0038207857212099136:0.11576010938222073:-0.09195314032328955:-0.633717700224568:0.7680796120278246:0.07042458135666234:-0.7735548264780566:-0.6298040178698919
001:6:-162.76032970793054:-160.54737466168436:161.08209762433276:0.9624069634377622:-0.11576073102623782:0.24570754806193623:-0.26322368688250497:-0.6205877497247624:0.7386366676083004:0.06697797029234825:-0.7755451422438305:-0.6277290078162128
001:7:-91.5357441919046:-116.5458890455097:160.26288865843267:0.8968761144852776:-0.23113598624878223:0.3770802186770345:-0.43775907956297444:-0.585530417945966:0.6822913060032502:0.06308980830834388:-0.7770009948564798:-0.6263300827253717
001:8:-18.001166279526867:-71.11734386054196:159.4171176348653:0.7969161332898208:-0.3407332581282216:0.49882407557201985:-0.6011830752179466:-0.5282421165554653:0.5996154397084045:0.05919105011950258:-0.77772782857635:-0.6258077133740343
001:9:55.53352737166423:-25.688750451068668:158.5713466112979:0.6687024691926412:-0.4366342052951863:0.6018202414977748:-0.7414342163868226:-0.4523170028831473:0.4956662746667404:0.055788608746373085:-0.7776633283001517:-0.6262010821729751
001:10:126.75815146729462:18.312793034512698:157.75212800049673:0.5221198648719214:-0.5138576130783653:0.6806916840833739:-0.8512011782452323:-0.36389661841478366:0.3782005342220306:0.053360222325519784:-0.7768716175501333:-0.6273938475025094
001:11:193.36271361101254:59.460120933496825:156.9860624397335:0.36772711349735343:-0.5708141449407106:0.734130765720002:-0.9284624874757568:-0.26975062882117984:0.25532681106942284:0.05228811715781944:-0.7755035486077774:-0.6291741229412939
001:12:253.03753004330184:96.32628941590403:156.29971198667556:0.21434419457201542:-0.6086534278845093:0.7639354692820826:-0.9753269866367634:-0.17569146217529744:0.13367653985555705:0.05285436421603042:-0.7737397373165971:-0.6312945318459188
001:13:303.4722611513706:127.48402672511678:155.71961940918803:0.06791920997560066:-0.6301130691348772:0.7735271727381445:-0.996157486466433:-0.08579645332873793:0.01757734838648716:0.05529028100645447:-0.7717488187445036:-0.6335190001914663
001:14:342.35695311847155:151.50650476996873:155.27237569964151:-0.06850965405623474:-0.638443852471894:0.7666134363569521:-0.9958532953273995:-0.002339775952243724:-0.09094440987936263:0.0598565059115332:-0.7696649926484002:-0.6356361313367282
001:15:367.38169070746176:166.96650966324904:154.98455256060444:-0.1942926712088625:-0.6366721293477688:0.7462566669437064:-0.9786563612907621:0.07388914474668232:-0.19176054558794375:0.06694832446592679:-0.7675864411075933:-0.6374393510910531
001:16:376.2366744200118:172.43690467695572:154.88270240484306:-0.31057203230348646:-0.6271939795321635:0.7142639271430198:-0.9474066556297853:0.1431861392071183:-0.28621407943073385:0.07723901481554767:-0.7655884395612444:-0.638677439920743
001:17:376.16723113199265:167.60839712217248:155.06867538811872:-0.43530087306699794:-0.6106389588751212:0.6615384928380205:-0.8967835083644274:0.22935887554317558:-0.3783832975630575:0.07932589261864414:-0.757967385314779:-0.6474510598503036
001:18:375.68128243427657:154.02114267815244:155.59199807765066:-0.5829058369057771:-0.5759963955196119:0.5731049219814154:-0.809961464852511:0.3557552669637045:-0.4662625503333858:0.0646803975522748:-0.7359799494561972:-0.6739067222022083
001:19:374.3622071783533:133.0226883489067:156.4007616156445:-0.7438442360526253:-0.5024167258861083:0.44076501095110704:-0.667085516591076:0.5175008237725112:-0.535901147600066:0.0411493489578722:-0.6926546768992035:-0.7200949480234018
001:20:371.7934613749213:105.96048468943532:157.44308607900936:-0.8935196135468966:-0.3644347360812209:0.26231748060715554:-0.44846571098255095:0.695149993659231:-0.5618230249559556:0.022397770358822722:-0.6196401005149398:-0.7845667416231208
001:21:367.5585396142838:74.18206905884828:158.6670529650498:-0.9881263732210526:-0.14407467572222413:0.05338417916729993:-0.1509792193070425:0.8460133517078746:-0.5113381087147634:0.02850712528372398:-0.5133262769830237:-0.8577205285918196
001:22:361.2408593275349:39.03491130194787:160.02075341597154:-0.978685748098843:0.14609412398716293:-0.14432959686347815:0.1898482178897695:0.9116104340047264:-0.3645876228340321:0.07830824723438112:-0.38421737015043256:-0.9199158241255296
001:23:352.42387652537315:1.866539132942981:161.45232679848584:-0.8476279684349513:0.45175424550839594:-0.27828911661069733:0.5012589233231115:0.8537603171243486:-0.1408292606859288:0.17397195714860855:-0.2588657174325786:-0.9501168728427539
001:24:340.6910086388927:-35.97562582786971:162.90984496499615:-0.6307558867239519:0.7062712428005146:-0.3214464699322845:0.7176012136299633:0.6885362287728348:0.10472078538731172:0.2952888387923348:-0.16461711890075856:-0.9411193857162481
001:25:325.6257502583967:-73.1439979968746:164.34141834751046:-0.38982177353003605:0.8748249318583968:-0.2876113279664984:0.8221844932444626:0.4713046861183726:0.31919355666353033:0.4147910661993612:-0.11204099218604772:-0.9029923381056254
001:26:306.8115573945837:-108.29119433337948:165.6951187984322:-0.17087006652947298:0.962529709874593:-0.21057079655053126:0.8400247723257044:0.2540038207371553:0.4794168014629507:0.5149387085371917:-0.09496671039775346:-0.8519503911497182
001:27:283.83186676835004:-140.06958102926316:166.91909532937376:0.008267833638792877:0.9927695642486423:-0.11975144072594157:0.806694631354172:0.06414518560067502:0.5874771432797532:0.5909108411024393:-0.10146006472180752:-0.8003315585459437
001:28:256.27009581078994:-167.13182326833902:167.96140050293639:0.1482777145291619:0.9884127815736575:-0.03246337141587374:0.7497290573970326:-0.09094321368557215:0.6554659726758444:0.64491859515083:-0.12152970994994372:-0.7545266421932324
001:29:223.70971982240422:-188.13020043837582:168.77018333073246:0.2570278928279687:0.9654280026592801:0.04342025693715164:0.6856496153605901:-0.21383621722155868:0.6958149643805513:0.681044175078766:-0.14907275013278692:-0.7169072328545117
001:30:185.73419481389146:-201.7174741721981:169.29349637536328:0.3435416574204968:0.9332447007108066:0.10504056472101633:0.6230014992546676:-0.31016167190141164:0.7181009400689203:0.7027433941657842:-0.18125717292426094:-0.687966350748433
001:31:141.92694786124696:-206.5459624371791:169.47946935863894:0.4160325458145989:0.8966648308702542:0.15135842215747244:0.5657372347661612:-0.3855306967438889:0.7289087299240065:0.7119399580793415:-0.21762074832225814:-0.6676700126687283
001:32:89.95146309005602:-195.5235186769366:168.17580665469544:0.488752538285548:0.8495572500608646:0.19842762115823057:0.533990025514531:-0.47117640139848055:0.7020309524467946:0.6899098736736471:-0.2371610542509864:-0.6839436734760924
001:33:29.61817961382871:-165.30068092248356:164.60125198351537:0.5753582873549092:0.777392065456327:0.2542134843101948:0.5352680125875001:-0.5928975777056905:0.6016318268475015:0.6184263123150091:-0.2100815250336799:-0.7572416065059681
001:34:-36.26893450441522:-120.14417017342964:159.26044586117325:0.6805439211842793:0.6691997844063198:0.29838168731667625:0.5434468887319751:-0.7341520899935583:0.4070456077986862:0.4914523947648984:-0.11485779309140254:-0.863297240556116
001:35:-104.90583404244705:-64.32080387839558:152.65802880374366:0.7989729838031217:0.5223861922390043:0.2979174887751812:0.516607954586983:-0.8498051541598044:0.10462892335551234:0.30782856655445173:0.0703108628863527:-0.948840204408609
001:36:-173.48856540459872:-2.0972741022876424:145.29865097220227:0.9065727815917417:0.35974889650651887:0.22069543730622132:0.4110315515609255:-0.8712785469293385:-0.26819030233826313:0.09580608052241607:0.3338468364083865:-0.9377454787453883
001:37:-239.21310748089425:62.259649930779:137.6869528826236:0.9709051762300508:0.2284280483972096:0.0718588177114443:0.22414872633429483:-0.7613308185258356:-0.6083853674492574:-0.08426396896270821:0.6067916228909973:-0.7903818634868232
001:38:-299.2754946195392:124.48317006198582:130.3275750510822:0.9821869979047206:0.16054331611743602:-0.09764456444643806:0.010091586483379386:-0.5639637785738673:-0.8257377350954065:-0.18763469424646234:0.810043521862768:-0.5555380155661169
001:39:-350.8717032993323:180.30660387132767:123.72514834875149:0.9600484083614963:0.14728805725394142:-0.23793552850780345:-0.1719337936312156:-0.3603817677913199:-0.9168226741980283:-0.22078465264152367:0.9211032772243722:-0.3206601467637476
