001:20:-608.8912491435441:-612.2047356313767:185.15638807796788:0.10277221395917087:0.7040238301394268:-0.7026999921107723:0.10907320713532799:-0.7101576104938333:-0.6955420438193477:-0.9887073278115772:-0.005164285890956406:-0.14977551869411657
002:20:-583.0024055739692:-586.574645468882:189.99012316915477:0.10374316540078596:-0.7040242068933766:0.7025569763114448:0.11003411808418205:0.7101572337398835:0.6953910408362852:-0.9884994349821016:0.005164099280015667:0.15114157200284134
003:20:-620.6030911455965:-624.45210112287:308.12303246842936:-0.10586827431093399:-0.6831591210511194:-0.7225541717550428:-0.07612136009532176:0.7300743312937633:-0.6791146674004829:0.9914629062000966:-0.016893950864955487:-0.129295569576998
004:20:-494.23528811617825:-508.7909099218228:324.58981071956913:-0.702547180708751:0.6619511891145837:-0.26124167854132324:-0.5865407966884232:-0.746501707712628:-0.31417393192704146:-0.4029843885972855:-0.06749330847309837:0.9127150012346227
008:20:-485.11221473227:-497.64437486385054:290.7811144698307:-0.7021854215661948:-0.6619514151669537:0.26221202717661873:-0.5861061356565891:0.7465014816602582:0.31498446153685017:-0.4042453840671207:0.06749361458568255:-0.9121571793366131
009:20:-409.5198007182588:-434.7649821671053:374.24083574273766:0.6737650627170998:-0.6832632558428321:-0.28140877117856394:0.6083710884745617:0.729070357368452:-0.31359371200671887:0.4194332023158915:0.040087759934794444:0.9069008589311898
011:20:-334.3438535343401:-357.5913059052942:309.7528278586338:-0.7123527297066948:-0.6938619472558033:-0.10540125011481577:-0.6983030474647436:0.7157621268996217:0.0075701924632482175:0.070189496310863:0.07899466938371569:-0.9944009842018781
012:20:-330.95336215601515:-358.3425279632433:346.3375967061457:-0.712120272519695:0.6939511625911057:0.10638048072447674:-0.6984024351566893:-0.7156747953340681:-0.006609554661007722:0.07154705852744513:-0.07900318402298018:0.9943034802796811
010:20:-607.8482881167057:636.597462140184:74.54648235762977:0.13834377720398988:-0.6379435232266173:-0.7575546136874258:-0.4389999186964976:-0.7251595760191891:0.530492693949731:-0.8877726841481002:0.2591749759122362:-0.38037843577938824
013:20:-579.9197794391957:616.8082469329779:87.92164542615807:0.1393903620010186:0.6379430711218775:0.7573631473301595:-0.4397325921025892:0.7251599527731389:-0.5298851405303535:-0.8872462081787104:-0.259175314990791:0.3816046191842659
014:20:-623.6383801057036:690.3323311929439:185.32183671167346:-0.10591214730838312:0.660236129784502:-0.7435527791970936:0.446094798376733:0.6998378677052618:0.5578765273322558:0.888696936937643:-0.27260808147771337:-0.36864921878938256
015:20:-494.4084333809726:573.6484718370018:226.97577268655934:-0.655821176299675:-0.6962280374110644:-0.29183161268548635:0.5455709898253075:-0.7042987851719592:0.454219308926258:-0.521776868076063:0.1386714024386982:0.841735536660759
016:20:-484.1295922067993:557.3284118216046:195.69459993289257:-0.6554175974686957:0.6962275853063247:0.29273813920169306:0.5449425265617186:0.7042992372766989:-0.45497232704563645:-0.5229395684404067:-0.1386709974282022:-0.8410138267946052
017:20:-411.9936021151268:508.3259099493258:290.7142367255079:0.6761143496462017:0.6760114958179181:-0.29305011030978895:-0.5123438533836385:0.7171945454165961:0.47237210540882285:0.5295029613237204:-0.16923480368594968:0.831255598092751
018:20:-334.70530584847967:421.9756118126228:241.5586702725536:-0.7225049676892045:0.6906641350810597:-0.031142208340262465:0.6895548207513966:0.7166227836224455:-0.1047169424970242:-0.05000700856535035:-0.09713268769260133:-0.9940143592986379
019:20:-334.0504942220638:426.29016187685556:278.0478774398303:-0.7225479929902667:-0.6905736387823282:0.032136057003174:0.6896084705138419:-0.7167092109785197:0.1037688694390081:-0.04862782538147656:0.09713922437362961:0.9940820996588041
005:20:771.2078362410324:611.0753948701634:81.16577799200844:0.4010008167272123:-0.26070276969159145:0.8781986881276768:-0.2671906610833741:0.8836830953742828:0.38433393782248726:-0.8762469519663579:-0.3887645642716242:0.28469975460508234
006:20:739.2118412862199:596.772932428953:70.11178576022279:0.3997869155010967:0.26070324063402867:-0.8787518382767093:-0.2677213755346986:-0.8836829446727029:-0.3839647943025158:-0.8766394542312144:0.3887646396224142:-0.2834884906566151
007:20:720.0187967066581:643.4355041318229:189.51927838658287:-0.41268663166220604:0.24886666760603984:0.8762166609487976:0.23629433178957146:-0.8997706397304672:0.36684727999848693:0.8796907844702926:0.3584378304367611:0.3125170057314071
020:20:586.584560427227:547.159252462897:152.61968067691532:0.8977618630211552:-0.43990548449013245:-0.02252035432051257:0.4333281517106777:0.8728506658108827:0.22440493785782678:-0.07906046004219192:-0.2112208666531387:0.9742358318474785
021:20:588.0198760313733:539.2073401314314:116.76989187387694:0.8977920786879258:0.43990567286710736:0.0212799672917291:0.43301785715765817:-0.8728504397585127:-0.22500405198872964:-0.08040679028164693:0.2112212999201809:-0.9741255936417798
022:20:477.3259246427299:491.65620297875233:162.80585364118753:-0.8813691479656681:0.47242398442770434:-0.002107184840988358:-0.4612927889821472:-0.8596226839333504:0.21967505574639817:0.10196883325555876:0.19458682185513493:0.9755708971438358
023:20:411.0236722795219:411.1565018576607:147.68115373512737:0.7029540749744881:0.6960400371901359:-0.14623325922080804:0.6730805761411821:-0.7174679180825394:-0.1794498465518838:-0.2298218496343339:0.027718207222358147:-0.9728379239923018
024:20:416.8728804293729:418.2059600817134:183.270443403984:0.7030674025625748:-0.6961278962112191:0.14526672521925385:0.673416489962785:0.7173835251977939:0.17852372883028975:-0.22848725528041383:-0.027689173621105033:0.9731530409958782
025:20:439.26837939514564:-628.6685432529734:20.797724647265998:-0.9001840141641401:0.41803269485846145:-0.1221374329085985:0.34338715062570163:0.5087903478049297:-0.7894401293140116:-0.26787173803604647:-0.7525839481267078:-0.6015519173347582
026:20:443.14663271259604:-599.4295239917292:42.71927317230819:-0.9000143241851697:-0.41803288323543636:0.12338075861819009:0.34447770260866695:-0.5087911013128292:0.7889643644262592:-0.2670403362574212:0.7525832699695982:0.6019222664673689
027:20:551.1241941515581:-670.0645359924728:55.18685104603097:0.891572021679025:-0.43819592576771715:-0.11438426047080229:-0.3395184150172316:-0.47958084013267466:-0.8091523480700138:0.2997130792620234:0.7602551859992807:-0.5763563462432093
028:20:518.2664465720326:-524.4300013389835:166.2625090411529:-0.10036710151356379:0.6047244493194731:0.7900854334791547:-0.727812225228635:0.4968175217110115:-0.4727160064141606:-0.6783912998169503:-0.62247943130649:0.3902618221433517
029:20:489.16832002625824:-507.55389348457544:151.46391288665032:-0.1014587084075884:-0.6047240725655233:-0.7899464112716945:-0.7271581803718576:-0.4968179738157512:0.4737210729259262:-0.6789302086666821:0.6224795066572799:-0.38932366713306293
030:20:529.0173477863182:-436.1748352323114:251.2169006396604:0.0906236415665399:-0.6189422391738058:0.7801911212506483:0.701716136846378:-0.5162162058300263:-0.4910335197235591:0.7066687935682977:0.5919724207066683:0.3875405283642602
031:20:414.48981826218323:-355.59920944965216:214.35910393141992:0.6941012613646887:-0.6858168941142819:-0.21881247757843056:-0.7118102793698353:-0.6992269988511265:-0.06638968312807653:-0.10746843310518872:0.20183407967034933:-0.9735057580436404
032:20:422.9997459924871:-353.64187321762415:250.0558088639806:0.6944873588123992:0.6857299393026781:0.2178574439911927:-0.7116309444897512:0.699315988134059:0.06736818377695986:-0.10615482394627006:-0.2018203469888807:0.9736527674348353
033:20:368.4579459329449:226.70166459690606:139.82298984248746:-0.8270208836974874:-0.4766185745273188:0.29811311826359227:-0.45349586599193553:0.8790078802609639:0.14726281473930775:-0.3322321066551249:-0.013403621036840433:-0.9431024678061866
034:20:386.2147104182489:242.70612415805854:236.96841106508265:-0.7271509466960223:0.4891589427711504:0.4816381050753203:-0.38781096234939544:-0.8716371413387168:0.2997520167827307:0.5664399562332472:0.031180406481343407:0.8235130030220942
035:20:229.1069100366574:-316.75174680085036:205.11413828723585:-0.4535442035236893:0.8852729216914655:0.10290623475794802:0.747790809027115:0.44082043145711625:-0.4964736960564637:-0.4848778876400668:-0.148220334902614:-0.861930603278769
036:20:248.8655123277283:-313.71086379809725:303.13978212017685:-0.3520076577500812:-0.8773695280350526:0.3260577122249348:0.840842479098256:-0.4494477201525914:-0.30162964544213244:0.41118658581125034:0.1679871453059359:0.8959386753074934
037:20:-303.8131505363356:-181.91533479749964:261.07555205191125:0.706877213853303:0.4807273777525738:-0.5188699853013214:0.3749282001160251:-0.8766738895422221:-0.30144916146250156:-0.5997945485361188:0.018548504688062423:-0.7999391316318774
038:20:-296.50183324704415:-180.70335652354362:360.8440680957145:0.8347642322760437:-0.4882742114709371:-0.25447429223191376:0.4661240932568503:0.8726857982824692:-0.14542233401935203:0.2930821343955183:0.002776815537724712:0.9560832990926785
039:20:-159.29528324399618:380.8896447745244:193.43344931578093:0.3350374165650122:-0.8845438274478966:-0.32454945313787437:-0.8293719036947582:-0.4403181430913008:0.34389245302311516:-0.44709300796661294:0.15395531178235436:-0.8811388759515769
040:20:-154.01471917401068:395.08609046269225:292.3235849253511:0.46130849962185205:0.881612304964841:-0.09977173608446101:-0.7655985365670979:0.45236827909570915:0.4574074385244929:0.4483896066847001:-0.13462078886098314:0.883642556649289
041:20:-64.66206459205345:416.56705990485756:178.27714306877093:0.16369311100128314:-0.9585572915791498:-0.23317995177700146:-0.8927532206623018:-0.24451190056468636:0.37842496654990054:-0.419757286063472:0.14622654358165363:-0.8957799865438559
042:20:-58.082071929713386:432.14264929308524:276.8813073603179:0.2866833829882481:0.9578771753490494:-0.016854163293149007:-0.8312123467393189:0.2574439798900798:0.49275607645724095:0.47633879704422966:-0.12725552228985626:0.870004289720472
045:20:37.75842551811768:427.9448411119335:164.25770060584296:-0.0752134490083497:-0.9915653832744303:-0.10555183866853346:-0.9189719047798095:0.027836147691617248:0.3933392614311481:-0.3870835258232055:0.126583525107373:-0.9133143414178954
046:20:46.43278193383432:444.861418971415:262.47817144128203:0.042883241276017406:0.9940399032164313:0.10022892700249057:-0.8592272429876859:-0.014495876654072284:0.5113885183932408:0.5097935305469465:-0.10804935943916709:0.8534846839347068
047:20:142.7057254016781:408.4552351129256:152.61896695423292:-0.32695932210209716:-0.9445871044205972:0.02920424253580726:-0.8741982393383718:0.3140449313746448:0.3703418235840588:-0.3589916587429032:0.09555635858566869:-0.9284364161024337
048:20:153.9162447336391:426.10710165371626:250.45258080599876:-0.21439270164304658:0.9504040347032584:0.22531758662571702:-0.8148155627411743:-0.3012330177215262:0.49531208827857426:0.5386196533999293:-0.07740095308200177:0.8389863630893855
049:20:235.1143717239831:372.84070473785425:143.9861246041352:-0.48152021876444145:-0.8692375954327174:0.11209157140380255:-0.8055260159528171:0.4893232828440342:0.3342012488489225:-0.34534943589761363:0.07063198911542769:-0.9358125049307673
050:20:248.06922929177566:390.5581566062185:241.59219594882506:-0.3725608666727299:0.8771170275379258:0.3030912435525155:-0.7454932880907097:-0.4773808231184663:0.4651313089238468:0.5526645131913237:-0.052662756576032976:0.831738295253179
053:20:316.05937792949743:307.9506202161196:139.37362425469593:-0.7403003376996353:-0.6235566461996339:0.2512624459725417:-0.5847067584610084:0.7816562420104616:0.21709724870907143:-0.33177340872129635:0.013802323258882483:-0.943258217889016
054:20:332.41618501813804:324.7864509634766:236.62430028314566:-0.6379264185972984:0.6349161545387435:0.4358112993181281:-0.5213463890130712:-0.7725707451612925:0.36239781585186215:0.5667872856995277:0.003974472781825329:0.8238546435037334
043:20:400.946293799813:127.6617050934346:144.36142699627413:-0.9052417098872518:-0.25393447917270257:0.3406682303964936:-0.25531682708975434:0.9659625411631947:0.04158800829099812:-0.33963347567348723:-0.04933108843236524:-0.9392634204089574
044:20:420.3289571352715:142.16876482197134:241.43118396963183:-0.8080392662008531:0.2675609160274973:0.5248655346315622:-0.18584467971807653:-0.9611947952798156:0.2038776307692238:0.5590477046604689:0.06719762726390506:0.8264080557228134
051:20:413.40372523756406:24.67850010635764:151.79210958174963:-0.9339799737191515:0.01692368617044002:0.35692482424993377:-0.015101958378333454:0.99611566677801:-0.08674902859645364:-0.35700657985703094:-0.08641205044494264:-0.930096469355851
052:20:434.14481502549006:37.06745515742626:248.87455924497303:-0.8386203843025919:-0.0028569908386060676:0.5447089391128696:0.05930557390137983:-0.9945207166071106:0.08608912521575757:0.5414783493444971:0.1045003089759142:0.8341948063563817
055:20:395.14932243439415:-80.5027489098436:163.32042840540925:-0.8921605866993347:0.30246701877086135:0.3355046668135002:0.23722777737548828:0.9457880453108413:-0.22182829875774426:-0.38441211426706173:-0.11831536769565454:-0.9155484169891618
056:20:416.65035327087605:-70.66892347305956:260.52988212649876:-0.7972226603033427:-0.28888878758393793:0.5300750245210308:0.31719205130544864:-0.9475442461722364:-0.03935713983772906:0.5136393595152714:0.13675910299707014:0.8470369168385732
057:20:360.69846866850105:-172.9144044412961:175.7904367942127:-0.825472424963988:0.4778496557335433:0.3004253702794331:0.3916935625032165:0.8681882603318555:-0.30467217847648387:-0.4064132262940198:-0.13382369994833196:-0.9038361162515002
058:20:382.28418173676187:-164.83311540629032:273.14253860277483:-0.7299265683946687:-0.4651150708286123:0.5008744835927799:0.4752740150314277:-0.8720062095078983:-0.11713139015199836:0.4912452554433222:0.1525551810788741:0.8575576955347348
059:20:296.96716114617897:-253.49149624892465:190.94768824153184:-0.6084125690844299:0.7716766326877302:0.18533626910057754:0.6491499941113358:0.6182416275288385:-0.4431493736729313:-0.45655066236735153:-0.14930651653976212:-0.8770799549492697
060:20:317.71214747415485:-248.81684415670824:288.70491447647663:-0.5096254606099602:-0.7617490907608554:0.40002558912826747:0.7393075910420268:-0.6255232264665731:-0.24928851900358226:0.4401206109954435:0.16869811768452148:0.881949499749873
061:20:137.16671656144808:-367.760156627166:221.27004208567672:-0.2821985793211361:0.9592867625766685:0.011535998726873053:0.8111726534501883:0.24501268191470277:-0.531006360284829:-0.5122137979201825:-0.1404914913511233:-0.8472894173357001
062:20:155.62593848467:-366.09861022249504:319.58165723664086:-0.17738165574469525:-0.9536346244716308:0.2431400829205303:0.906456213919687:-0.25452293116682734:-0.3369792440974524:0.38323988202778925:0.1606218316405653:0.9095757366236713
063:20:34.74627226455723:-379.137937834242:235.28946525880247:-0.04329281991364649:0.9922946282195791:-0.11609168111455272:0.8373909608137463:-0.02733445742269706:-0.5459205044644966:-0.5448873321080793:-0.12084851055223765:-0.8297551378124506
064:20:51.11115695788064:-378.81741848042924:333.98479315567675:0.06641882504609019:-0.9897972016374329:0.12605669122173094:0.9344714115712139:0.01741694421502222:-0.35561183673503216:0.3497881625566704:0.14141563111448113:0.9260939107444274
065:20:-70.20090946896455:-359.64848615365185:246.92817962061028:0.20845381610684924:0.9453160479625862:-0.2508481673293894:0.7926169186183589:-0.3135441311869309:-0.5229228405650375:-0.5729793122145665:-0.08982121216665093:-0.8146330631279123
066:20:-56.37230101947358:-360.06306258312605:346.0103645011578:0.3236945607504818:-0.94616125777347:0.0009679750854120042:0.8900595806231224:0.30415406644477866:-0.3395352182433907:0.32096075874025837:0.11076723417616458:0.9405928343960683
067:20:-162.60956061372013:-324.03391719897604:255.56102197070797:0.36301463741840356:0.8699662375715466:-0.3337354302654435:0.7239444691804343:-0.4888223884678329:-0.48678222815450617:-0.5866213843582762:-0.06489682856813682:-0.8072570496503686
068:20:-150.52534826946737:-324.5141946948372:354.8707493583315:0.48186283880635006:-0.8728741752573475:-0.07680586079951257:0.8207373059726578:0.48030187184171874:-0.3093545142394532:0.3069176131793354:0.08602900470422517:0.9478400733735852
069:20:-243.5546825580478:-259.143794097637:260.1735416099495:0.6217944549504376:0.6242849492599083:-0.4729061541326028:0.5031249479608607:-0.7811550839064954:-0.36967802079998274:-0.6001974115345934:-0.008067150349352636:-0.7998113366921199
070:20:-234.87218825701643:-258.742373313282:359.83864502401093:0.7472289181864481:-0.6306723603732908:-0.20952635925101618:0.5965898417640946:0.7754923213400746:-0.20662058790042634:0.2927961027968631:0.029391604629733375:0.9557231223167113
071:20:-345.6954777695955:-72.8942432825336:256.8579139540696:0.7867354127087094:0.25466251850521215:-0.5623117125041848:0.17373477169953933:-0.9654608556036989:-0.19416870032169511:-0.5923373822577975:0.05506625368908049:-0.8038061341721785
072:20:-340.03882042557973:-70.16409005896274:356.70393642322307:0.9173407862297336:-0.2633169146473722:-0.2985802178105004:0.2610876050135703:0.9641158440030679:-0.04809996013189704:0.3005315395424745:-0.033831482743049056:0.95317166921817
073:20:-358.1529092073466:30.088964115768654:249.42723136859414:0.8154732997866593:-0.016195710415159492:-0.57856819333144:-0.0664801370419887:-0.9956136798153544:-0.06583165872481898:-0.5749641273726739:0.0921471968639604:-0.8129730852252849
074:20:-353.8547554750072:34.93714003514813:349.2605804376841:0.9479219796822623:0.007101007230021322:-0.3184236599672028:0.01593764102371282:0.9974414639272033:0.0696885642592667:0.31810387121464945:-0.0711341785833313:0.9453834869195926
075:20:-339.89842924496776:135.27013356153572:237.8989125449345:0.7736536867144728:-0.30173897943835176:-0.5571478475180316:-0.3188098327657033:-0.9452856062434459:0.06924756434222791:-0.5475585176118531:0.12405046702042857:-0.827521212942764
076:20:-336.3604094592066:142.67352107685923:337.6052575561584:0.9065238035782733:0.29313273245097055:-0.3037894816475993:-0.24194884344449258:0.9504645413875893:0.19513498001433321:0.34594165543123595:-0.10339290667254604:0.9325419038929308
077:20:-305.4477297974925:227.68174086848265:225.42894273573552:0.706965374277546:-0.4771214656994539:-0.5220683626069896:-0.4732754860295491:-0.8676856705628802:0.15209135929132883:-0.5255572925587101:0.1395587804354085:-0.8392335890312157
078:20:-301.9941800556857:236.83770336518887:324.9926203696845:0.8392279377219694:0.46935856359090516:-0.2745890160701383:-0.40003011017566453:0.8749265800740412:0.27290903253277893:0.36833741722056407:-0.11918894707895504:0.9220203716888696
079:20:-241.71632582615925:308.2588326761112:210.27165270881193:0.48990517931943317:-0.770948216601271:-0.4069791107265542:-0.7307316915852985:-0.6177386233305184:0.29056835669195263:-0.4754199318361684:0.15504152167604873:-0.865989750333446
080:20:-237.42212650327653:320.8213549563979:309.43022520618047:0.6189261517801511:0.765992922601703:-0.17373965066318867:-0.6640638745632386:0.6284426174724467:0.40506640627443014:0.41946338030726693:-0.1353318648469049:0.8976278893166219
081:20:1.2989945718044427:44.40144037556039:396.9948163931069:0.2709106919078752:-0.002362553966235763:-0.9626016698789964:0.08429204655081382:0.9962137735065266:0.021277765635835208:0.958906768542944:-0.08690398749598852:0.2700840560667144
082:20:125.84980432530112:43.32348764748127:381.25167578273084:-0.022334171937391633:0.002362615483091622:0.999747800906033:0.08683025674802115:-0.9962137735065266:0.004294028417872273:0.9959727263294724:0.08690420412950962:0.02204450466312131
083:20:63.722713915429736:-18.673087960518597:394.5784986068769:0.12393919274136798:-0.9920696307607845:0.020909717057030226:0.2327960771775945:0.00858621545081511:-0.9724875428190283:0.9645957531842678:0.12539699505570723:0.23201401132868987
084:20:63.42608498167582:106.3979774039558:383.66799356896075:0.12463730839141812:0.9920696307607845:0.016236490498152362:-0.06167376445991078:-0.00858622722437604:0.998059340404804:0.9902837416881486:-0.12539675958448862:0.06011455881999457
089:20:-32.942162165298384:20.829519063787533:127.71216721606183:0.022334171937391633:0.002362654924520737:-0.999747800906033:-0.08682990825061764:-0.9962137735065266:-0.004294060206486784:-0.9959727263294724:0.08690385563210609:-0.022044495244272568
090:20:91.60864999942356:19.751568746933692:111.96902660568577:-0.2709106919078752:-0.002363114682075049:0.9626016698789964:-0.08429226318433493:0.9962137735065266:-0.021277245244442106:-0.958906768542944:-0.08690404400908097:-0.27008411257980686
091:20:29.18492824457299:82.82605126973239:114.38535403681685:-0.12393894785130063:-0.9920696307607845:-0.020909865403897943:-0.23279554972206484:0.008585941126845445:0.9724877688713981:-0.9645960545874277:0.12539678784103486:-0.23201344619776523
092:20:29.481557178326913:-42.244970692687005:125.29583978493076:-0.12463759095688043:0.9920696307607845:-0.016236167902582883:0.06167385864839822:-0.008585874017548144:-0.998059340404804:-0.9902836663373586:-0.12539702331225344:-0.06011469068387699
001:21:-633.1844402728573:-610.3126760900867:184.16853801609358:0.01510169700528081:0.6732671446971015:-0.7392442210276777:0.08958261389027011:-0.7372669409485655:-0.6696357640769781:-0.9958654268045817:-0.05611182595986922:-0.07144800520462977
002:21:-606.0122461610845:-585.6476547330356:186.11947003378202:0.016123230019362892:-0.6732675214510513:0.7392222939478019:0.0905077520515948:0.7372665641946157:0.6695117366767183:-0.9957657377094762:0.05611167996771369:0.07282405191187183
003:21:-633.9482778614632:-620.1791784518442:307.9022606819352:-0.016685749568183462:-0.6537916781231263:-0.756489605622254:-0.05649574765351989:0.7560034423254881:-0.6521247679478235:0.9982639177995218:0.031858285734867244:-0.049551885084620065
004:21:-505.53050896972036:-509.7242662924043:316.5987979589882:-0.7411401976044326:0.6318238334699318:-0.22695535488300622:-0.5631782842640198:-0.7691335435268736:-0.30209904318813413:-0.3654315140060918:-0.09608152533508307:0.9258662006571945
008:21:-497.6932938022996:-499.0055790478388:282.3323547023904:-0.7408257587579659:-0.6318240218469067:0.2279790707152847:-0.5627604264583448:0.7691333174745038:0.30287736033523865:-0.36671074436709516:0.09608182673824288:-0.9253602954534614
009:21:-415.9962746569448:-438.5141095484446:361.70439327506256:0.7139635035434839:-0.6550362471207521:-0.24735070390070696:0.5860413716526259:0.7523631703121505:-0.3008406661582498:0.3831583901484569:0.06983166482823297:0.9210392290529137
011:21:-341.79480970195675:-361.44328651211066:300.33994448605904:-0.7202393954877385:-0.686985132761687:-0.09647115485107255:-0.6918159472562555:0.7215893048897162:0.026452629482609076:0.05143992157188379:0.08579246915571927:-0.9949841993161012
012:21:-338.73780042454143:-362.8838875220674:336.9334323241778:-0.7200200493381902:0.6870753276572588:0.09746123597448653:-0.6919420844786339:-0.7215027268320622:-0.02550089720185595:0.05279745082249532:-0.08579862908279778:0.9949125407148575
010:21:-585.7772436244002:637.900835497094:69.91476936517185:0.25638115699781655:-0.6744202378357264:-0.6924057932399943:-0.45603835234647255:-0.7160072430193333:0.5285475886579278:-0.8522309974914969:0.18025282224499992:-0.4911323422845802
013:21:-560.1625853036874:618.1716115748156:87.3834213644054:0.257337603412366:0.6744198610817767:0.6920513431240634:-0.4567683507995209:0.716007695124073:-0.5279164881166907:-0.851551484067716:-0.18025323667434467:0.4923093216236196
014:21:-616.3198291405768:693.7520273318413:176.47804108441542:-0.22432911612543827:0.6981301174018053:-0.6799194891879529:0.46293076445410875:0.6902955190166179:0.5560460305919687:0.8575380289785575:-0.1900171731985378:-0.47803931367185076
015:21:-489.0320568633229:573.0974779261744:228.56766361538666:-0.6074510930046512:-0.7165591875557267:-0.34285050229966846:0.5632796310765044:-0.6928870587354133:0.45013717988064583:-0.5601066093116547:0.08031512604567116:0.8245179565076748
016:21:-476.84587862449547:556.9394136698842:197.89313585197368:-0.6069769858342775:0.7165588108017769:0.3436900984767009:0.5626567814467668:0.6928875861909429:-0.45091464933136344:-0.5612454611509788:-0.08031474929172142:-0.8237431996853953
017:21:-412.5089870510421:505.56916573338435:297.1676207709275:0.627723996988681:0.6987930536517969:-0.3430032760262947:-0.5305186146214742:0.706490287546903:0.4684244398478788:0.5696602229433962:-0.11207116075857448:0.8142033375728199
018:21:-333.366786471911:419.177047305452:246.15261383225:-0.7147537072777033:0.698984821412223:-0.023401252149287094:0.6979969725559614:0.7108440561902897:-0.0866083392527658:-0.04390327904786139:-0.07823755406513368:-0.9959675271249657
019:21:-332.991136863332:422.8319247131075:282.71770708148983:-0.714808336600418:-0.6988952293229709:0.024384457513118008:0.6980264347148323:-0.7109315384574232:0.08564868101079467:-0.04252378033255468:0.07824332310998933:0.9960269035474474
005:21:770.6304538807578:607.1679367921405:86.09320365261448:0.3660412149229828:-0.31938336530341765:0.8740759450062808:-0.2099744515611591:0.8866944896946869:0.4119258524114626:-0.9066010381379734:-0.33431510389253893:0.25750363887802374
006:21:738.7621574166916:591.8903748483283:76.01792776134837:0.36483304035690356:0.31938381740815736:-0.8745806445973747:-0.21054335002529148:-0.886694338993107:-0.41163571419475514:-0.9069560157094341:0.3343151415679339:-0.2562504798903435
007:21:723.7981319182857:632.3798626219468:198.24957281753407:-0.376157171500131:0.30669917123926654:0.8743236984036408:0.17844884898277563:-0.9019809798028989:0.393173866447205:0.9092098331876677:0.3039169563464994:0.28455572157009046
020:21:589.7332348448275:537.5897358962347:163.9006656564135:0.8909915191932402:-0.45386953055930407:0.011700546014429224:0.44188374412951414:0.8728049278813822:0.20724298542542416:-0.10427407764793413:-0.17948117364280605:0.9782195527614143
021:21:589.906573007644:530.2742712994643:127.88737648969453:0.8909744145639212:0.4538697566116739:-0.01293155186986376:0.44159722275072427:-0.8728047018290124:-0.2078539107926519:-0.10562587081966061:0.17948162574754578:-0.9780744271399681
022:21:481.3399010086532:481.0362023623829:177.10596272652614:-0.8735587371840551:0.48565407612735517:0.03218367870242323:-0.47010898210803026:-0.8590271112895753:0.2026558742232558:0.12606782430094624:0.16190166480788826:0.9787210122685402
023:21:413.0126823668075:402.0916065172707:158.5881576739392:0.7119960944178553:0.6881964720609444:-0.1394541558635611:0.6695503162811732:-0.7252239255938076:-0.1604771016107663:-0.2115751095543973:0.020887483864570216:-0.9771384949779829
024:21:418.618877588196:408.44153935334407:194.34784381077276:0.7121010580682574:-0.6882854613438768:0.13847518898166497:0.6698611382897224:0.7251400601645918:0.1595558440151241:-0.21023375246707904:-0.020860739043561873:0.9774285201685055
025:21:439.8790945336694:-632.9276930052088:16.840691777518355:-0.8834298413692565:0.4324015253712515:-0.18050114077328447:0.4104985954235999:0.5284801120255265:-0.7431003730542259:-0.22592883223380206:-0.7305744344866701:-0.6443749392013314
026:21:445.9130989888602:-605.345860653332:40.364065479535064:-0.8831795260450382:-0.4324017514236213:0.18172122076417607:0.41152502388431667:-0.528480790182636:0.7425318513440433:-0.2250382989227625:0.7305737563295606:0.6446871175240997
027:21:549.7502201184951:-682.7342324139356:46.09140065891252:0.8756941032204852:-0.450646099115977:-0.17342975170181643:-0.40807712243772465:-0.49867258280882276:-0.7647201724086354:0.2581359450319001:0.7404355923675979:-0.6205825505202558
028:21:513.5204222115743:-534.8838010193606:162.32559543512858:-0.06656671509964275:0.6209865814559746:0.7809892368178125:-0.7218850567402751:0.5103690222051996:-0.46733780610599096:-0.6888033473232121:-0.5948939968854504:0.4143075778556386
029:21:484.7793884846361:-518.2013241997124:146.63642769138517:-0.06764577608714048:-0.6209861670266299:-0.7808967813985424:-0.7212383962609129:-0.5103694366345444:0.4683346970570468:-0.6893754105205225:0.5948940345608454:-0.4133550308444691
030:21:520.0751355880952:-447.39208670524977:248.4884738533889:0.05611448678463938:-0.6338400699074489:0.7714256392064025:0.6953838825112398:-0.5296177959276063:-0.48574216120080826:0.7164437501455212:0.5636945878767662:0.41104326860876295
031:21:407.83703553113753:-365.72627845989916:211.5165972547748:0.687519068459282:-0.6948861151928215:-0.21083377080746132:-0.7171323056640962:-0.6953737101545965:-0.04665612597024503:-0.11418752897708816:0.18327259934078607:-0.976407893718615
032:21:416.04928303346605:-364.4975952172141:247.31538382072358:0.6878953703042989:0.6948000645906971:0.20988777931501762:-0.7169805491731344:0.6954634529454284:0.047641968611724234:-0.1128675903518136:-0.183258037800628:0.976564020555394
033:21:365.66146472441466:223.115073089136:147.0684806816775:-0.8226739719759864:-0.4799314850337131:0.304750957727378:-0.4499769841012094:0.8773059319683337:0.16689823220265204:-0.34745959709480506:0.00017191076690074893:-0.9376949183653309
034:21:382.6109895661008:237.27270769522204:244.64380408161665:-0.7299481187205948:0.4923064582936015:0.47414141730766957:-0.40160222905720866:-0.8702390827819602:0.28530640381498035:0.5530744214886588:0.01784263850285214:0.8329407431592221
035:21:227.93814091969105:-322.0365932069304:200.59648589534936:-0.4527340318301328:0.8846536135488556:0.11144387485107858:0.7554730481150209:0.44697067595912704:-0.4790385028220001:-0.47359527478210245:-0.13268408518225963:-0.8706908107677183
036:21:246.93327212839836:-320.8497881248813:298.8128094233095:-0.3584284492634121:-0.8768682192295065:0.32036092877685096:0.8312667500096638:-0.4559552404251563:-0.31796322896520535:0.4248820063142455:0.1523382273169068:0.8923386406159897
037:21:-305.9174750613374:-190.32856274923685:255.0707137776885:0.7099809128913974:0.4839916493240544:-0.5115458885180542:0.38930181540397707:-0.8750581425532962:-0.287606562029034:-0.5868314246852654:0.0050494383361535874:-0.8096933667418642
038:21:-299.3753579256711:-191.05127447949369:354.8972921261966:0.8306676358787609:-0.49168598221374743:-0.26122029775467454:0.4634016315405145:0.870623145758342:-0.1651495475825545:0.3086262111791788:0.0161344466908608:0.9510465508891732
039:21:-163.08505423862886:374.23643766782976:199.61220444688715:0.34168904522335897:-0.8839704832871571:-0.31913116620945065:-0.8191560696455296:-0.4465784750974305:0.35993214962768044:-0.460686478850804:0.13843329394245205:-0.8767007144234448
040:21:-158.61763249174288:386.5052534194:298.7998466762126:0.4608470890595852:0.8808439529597074:-0.10832320304754763:-0.7725306585410384:0.4582350162505281:0.4395648989195526:0.43682552095087274:-0.11888913570458753:0.8916550582495514
041:21:-68.47860500972742:410.56002259318086:185.8917924980904:0.17038930965188614:-0.9586867442362862:-0.2277878115726908:-0.8837054745588984:-0.25093742034008676:0.3950887183968426:-0.4359267367283335:0.13397838570125326:-0.8899537127632408
042:21:-62.71498571235996:424.2182827992005:284.8306734378896:0.2862706490362898:0.9578109420046822:-0.025442307253244437:-0.8393364428594992:0.26349129521301706:0.4754859391281657:0.4621294088029766:-0.1147629170280051:0.8793553227534294
045:21:34.001030045298634:422.595778954238:172.89112165000748:-0.06865626785578251:-0.9926069572439273:-0.1000883601038364:-0.9114584514613947:0.02161844304019038:0.4108239978100046:-0.40562306023519545:0.11943195337654802:-0.9062040901765099
046:21:41.85663321669282:437.61011225685337:271.48892030681935:0.042332704857511276:0.9948873735510138:0.09169019432290572:-0.8689189369420133:-0.008636014081480275:0.49487912263951406:0.49314077991533734:-0.10062084529872481:0.8641108783860102
047:21:139.10970118061877:403.73297578881164:161.68409377224967:-0.3207828555251833:-0.9465106593864743:0.034868380254144654:-0.8681914250650333:0.3085564175099864:0.38863450880816824:-0.3786056200688088:0.09439477906432554:-0.9207319485314922
048:21:149.50147450193316:419.49957279869636:259.92917839533106:-0.21532797448561972:0.9521383084847778:0.21694807298266533:-0.8260490845594853:-0.2960822260974296:0.4795606461209677:0.5208424052544819:-0.07594686179406765:0.8502677326593155
049:21:231.7201767036305:368.64231786263565:153.06868940336565:-0.4757107105345905:-0.8716576367535835:0.1179502836994917:-0.8003814407688915:0.484572716940764:0.35295745445741744:-0.3648135998530961:0.07350038176477729:-0.9281748735105126
050:21:243.8576674816357:384.48553396696815:251.10106537728404:-0.3738685796323349:0.8793525347742012:0.2948922299094261:-0.7576107500259395:-0.47295637543410535:0.44982044283508554:0.5350218038813342:-0.0552397112075484:0.8430302892844923
053:21:312.95096132914574:304.15986544157334:147.80922837701706:-0.735447746826771:-0.6266922562972728:0.2576304354198143:-0.5808450304760038:0.7788871758305409:0.23654581505103395:-0.3489065206388451:0.024323708293431952:-0.9368417967215023
054:21:328.49645862589847:319.1413675007974:245.4952752417423:-0.640207965166234:0.6378797764583185:0.4280690433260261:-0.5347827158248187:-0.7701103158170124:0.3477608872284254:0.5514899450775627:-0.006284613798191446:0.8341578091185156
043:21:398.50069409380166:124.12767829673457:149.91256912210528:-0.901609349706859:-0.25732008435370235:0.3476878346375676:-0.2519858135560743:0.9657857682099689:0.061328869766030525:-0.3515731474198269:-0.03231770421062475:-0.935602426928383
044:21:417.0824062611684:136.7957929544148:247.39541721016565:-0.8115656831705744:0.27079054507329786:0.5177195671157397:-0.1998347029720838:-0.9613191994340251:0.18955659149496043:0.5490237890732463:0.05037926972425604:0.8342869603724921
051:21:411.3029886157766:21.065749215541764:155.41589182821437:-0.931151757169119:0.01369427964494105:0.3643747945278146:-0.011585315818896184:0.9976788942663398:-0.06710169158002394:-0.3644480354956473:-0.0667032036367908:-0.9288316309957283
052:21:431.2512289525464:31.62102772298729:252.88033744494965:-0.8429686523383121:0.00022710889977787342:0.5379626698623439:0.04549712721345771:-0.9963872310249945:0.07171305631770787:0.5360353096815743:0.08492757395096065:0.8399127257010468
055:21:393.37176715912676:-84.38966334849417:164.73520037018335:-0.8901094628460702:0.2996679629765401:0.3433715906875767:0.24138981593384382:0.9490608315215864:-0.20252043117831833:-0.38656952040955267:-0.09737887756106975:-0.9171047875556061
056:21:414.0890147514995:-76.38865847035937:262.28236065887035:-0.8023664066285788:-0.2862246473790245:0.5237208807814118:0.3040348238196807:-0.9511284571978503:-0.05401556698342381:0.5135863125591457:0.11588904400267616:0.850175653993995
057:21:359.18761419883157:-177.15737004946251:175.12144716315956:-0.8238586370956008:0.47546597116882866:0.30852746396894765:0.3965076867978107:0.872440079356438:-0.28570971891819474:-0.40501697615622206:-0.1130508057975802:-0.9072930597928863
058:21:379.995292384047:-170.91104274115324:272.7774598058165:-0.7355188026216951:-0.4628604998424792:0.494744583804056:0.4627781414290624:-0.8765777419342442:-0.13209078248103176:0.49482166766217617:0.13180165208113984:0.8589410606874509
059:21:295.6573064157204:-258.2556916030813:188.20022242046178:-0.6074283370660859:0.7703769069118601:0.19377859044441972:0.6557134246700446:0.623951182935819:-0.42511747753284335:-0.4484090848639025:-0.1311650509322362:-0.8841520786909398
060:21:315.63444287622707:-255.42641773076426:286.18788463281675:-0.515865410227408:-0.7605697755473274:0.3942287775065233:0.7285914277475215:-0.6315753265646723:-0.26507970870288816:0.45059681969934884:0.1504861425752986:0.8799524777637935
061:21:136.07684273559235:-373.69771207121914:215.03606025079304:-0.28143293994444085:0.9593703266027245:0.020099747868721745:0.8200229804839193:0.2513280199974968:-0.5141952222927422:-0.49835520528154786:-0.1282291298468171:-0.8574376617263424
062:21:153.77581497342265:-373.90044789263055:313.5011643580817:-0.18385114270603223:-0.9538353589760611:0.2374800141448503:0.8980724589773346:-0.2612110296075105:-0.35388517338329795:0.399580642713605:0.1482119709649294:0.9046372458502625
063:21:33.597243848945475:-385.7334684322763:228.03673109887598:-0.04238816774833982:0.9932902382072057:-0.10759925149539294:0.8477755806324659:-0.021226887369632772:-0.5299303886797193:-0.5286586557223161:-0.11368271635980937:-0.8411873596638632
064:21:49.20427320357877:-387.2923159298879:326.8428981993497:0.06008711229475481:-0.9909117151716028:0.1203472017466916:0.9276551791122185:0.010916297347328185:-0.3732784699208312:0.3685722856328423:0.1340698521414054:0.9198802585526725
065:21:-71.51130913633602:-366.8707810056633:239.24375897663379:0.20973918755723364:0.947193563595803:-0.24255639686386998:0.8045081774821549:-0.30816576133948387:-0.5077406359501181:-0.5556762089148876:-0.0886454384402507:-0.8266594259580909
066:21:-58.44056808166157:-369.1817764717309:338.4026208210358:0.3177475750043647:-0.9481625747545769:-0.004910714588462995:0.8847851760281107:0.29836249170293616:-0.3579598803760999:0.34086934165487365:0.10939587805559697:0.9337240070856869
067:21:-164.12176536954553:-331.7800844998829:247.8591633455178:0.3646670048912458:0.8723403149105424:-0.32563823437727585:0.736698042484433:-0.4841819100686815:-0.47206354392397226:-0.5694680784290205:-0.0677510317218537:-0.8192165763298604
068:21:-152.79683822057302:-334.1677376400027:347.2307917084895:0.4762882743395673:-0.8753767256932103:-0.0828550504733499:0.8163468414945648:0.47523664103961183:-0.3282196770902177:0.3266916760961901:0.0886886992125315:0.9409606216018207
069:21:-245.35266573387412:-267.2975934992161:253.1186436616686:0.6244037021048716:0.6273746707264668:-0.465318254233716:0.5171613307883856:-0.7784961052306936:-0.3556516973029164:-0.5853751576432714:-0.018574338235454794:-0.8105497284696609
070:21:-237.4354943362202:-268.82351330442526:352.83656255422903:0.7426282250043911:-0.6339030631678482:-0.2160322971569921:0.5935181668117295:0.7723911088780486:-0.22615968821651536:0.3102248347010883:0.03973345110159464:0.9498324989614777
071:21:-348.19177107586086:-81.40364054327618:252.67067658453857:0.7905648905556149:0.258002216217434:-0.555375408561402:0.18830186897838871:-0.9653942455053819:-0.18043466253884993:-0.5827086062130795:0.03806707073653363:-0.81178909826278
072:21:-343.31079525901873:-80.61620188164486:352.5917749639616:0.913984963448462:-0.26681369991894516:-0.3056824441927561:0.2585697960427423:0.9635994650395316:-0.0679550063102519:0.3126868275742599:-0.016930385326609128:0.9497053068280399
073:21:-360.99402701823135:21.658298182817745:247.16735387842948:0.8201069212639251:-0.013012223131999288:-0.5720622931008591:-0.05209868056245748:-0.9972870701585931:-0.05200408706452236:-0.5698335297602842:0.07245256309856313:-0.8185598941954347
074:21:-357.47969510960564:24.55847413444736:347.1068740189798:0.9453880079669897:0.003749760537544247:-0.3259255846147551:0.013238177781297497:0.9986671952273413:0.049888590089517494:0.32567828332213494:-0.05147869897216248:0.9440781851852661
075:21:-343.06276698197706:127.11364323254587:237.8480453364605:0.7790644008885064:-0.29898583111280835:-0.5510589385590412:-0.3050737605115294:-0.9486685553090999:0.08341459602067958:-0.547712007170984:0.10312818992859835:-0.830286737635557
076:21:-340.3174809085587:132.56815309411817:337.70487009486135:0.9047853101525167:0.2902014736956797:-0.3116835694814532:-0.2452995046966524:0.9534079692954573:0.17561735467338033:0.3481260748319244:-0.08244011251078552:0.9338157089970577
077:21:-308.8787297604953:219.88131135390978:227.46181783328652:0.7128133490856672:-0.4747837074412145:-0.5162145857880422:-0.46019153718700884:-0.8720476524423715:0.16660381782861478:-0.5292644007227346:0.11880009932741131:-0.8400986160998567
