001:20:-600.3281201386967:-603.5191935415934:87.80421875509795:-0.008969437206268492:0.7139740526540771:-0.7001147065075429:-0.00914542486298024:-0.7001726512650155:-0.713915354388705:-0.9999183950944828:6.663016281029585e-07:0.012810975300312458
002:20:-574.6099141596266:-577.2940129803792:86.65647552255962:-0.008001946602888754:-0.7139744294080269:0.7001260844768256:-0.008159011203795932:0.7001722745110657:0.7139277119182571:-0.9999351229698519:-7.648796186905416e-07:-0.01142929023474107
003:20:-598.1770371330954:-601.0647205265574:211.8901249851088:0.005502372523228953:-0.6960872067846454:-0.7179361478912969:0.04216521888914701:0.7174705553601877:-0.6953119225068364:0.9990957905205843:-0.026447343153751555:0.03329965215814835
004:20:-525.8975309128499:-531.7554580533078:288.8890549285407:-0.42795172214607186:0.7035199594070224:-0.5673776214634012:-0.3592425015226511:-0.7084547579917236:-0.6074846617815745:-0.8293389000487595:-0.056146840530074724:0.5559192528878756
008:20:-505.3401957809435:-509.67789360784934:267.9014221783446:-0.4271670943703089:-0.7035202608101823:0.5679681832796446:-0.3584027546440387:0.7084544565885638:0.6079808467334038:-0.8301064985459935:0.056146934718562164:-0.5547726399171865
009:20:-475.0256157270963:-485.75020565114346:390.95463920120324:0.39307218055616566:-0.7105725672940951:-0.5835933375132928:0.3752674670477809:0.7033870406135483:-0.6036736072028122:0.8394460029080884:0.018282574089982857:0.5431372723360651
011:20:-381.21749425318365:-391.89794910973416:341.92181375982284:-0.7095091415955123:-0.7044105303934569:0.020064323578595885:-0.7000759762015079:0.7078266338066895:0.09420798445603625:-0.0805631620084934:0.0527948841862126:-0.9953503288044746
012:20:-382.43506656978565:-395.83368603782264:378.439376936374:-0.7094478814032819:0.7044993689748096:-0.019088891119690886:-0.7002935139320974:-0.7077390008379761:-0.09324483182118112:-0.07920087623926618:-0.05278452816201867:0.9954601902562236
010:20:-596.3898755363186:604.7628070912026:87.80422839999906:-0.009352321060523186:-0.6833388326851533:-0.7300419304540842:0.008753613706150456:-0.7301012315257759:0.6832832238021692:-0.9999183197436928:2.0147427095153351e-07:0.012810202954715456
013:20:-569.5722665690924:579.6628392735249:86.65650445726295:-0.008343622405210778:0.6833383805804135:0.730054589386796:0.007809375885607253:0.7301016836305156:-0.6832942250175021:-0.9999350476190619:-3.000526567697387e-07:-0.011428516711787975
014:20:-593.8859048887667:602.6696706514928:211.89010569530657:0.04228231401673134:0.701049207004519:-0.711858729927774:-0.004517800837652126:0.7126221841315606:0.7015337879346959:0.9990957905205843:-0.0264468651471778:0.03329888452197572
015:20:-522.9105436175206:532.0254767048889:288.888997059134:-0.36912106543605766:-0.6918625140444453:-0.6205457793347595:0.4194610444327785:-0.719842447526275:0.5530630811947712:-0.8293383725932298:-0.05614724083114634:0.555918537055371
016:20:-500.3596845846073:511.9882332206412:267.9014028885424:-0.36826342274483187:0.6918619112381258:0.6210557534811499:0.4186960832131928:0.7198429749818047:-0.5536416999108073:-0.8301058957396739:0.05614733031020941:-0.5547719240846819
017:20:-475.731699647833:482.2398860213811:390.954446303181:0.3843288516441655:0.6866314361536556:-0.6171140406326121:-0.38421740782582753:0.726775398358905:0.5693628887262484:0.8394453247509788:0.01828300029288852:0.5431366318543506
018:20:-379.7182136648507:390.6447292386157:341.92169802100943:-0.7164249124480334:0.6912138944445445:0.09465007695952932:0.6929969955379522:0.7207190786165686:-0.01786306092164113:-0.08056332212892203:0.05279468639038898:-0.9953503288044746
019:20:-383.68126495289334:391.7703277781968:378.43926119756065:-0.7166410185136137:-0.6911241516537124:-0.0936644697892687:0.6929306114920052:-0.7208059580773823:0.01691034908061864:-0.07920105519739232:-0.052784330366195044:0.9954601902562236
005:20:594.369500230611:594.4163358704195:87.80414159588904:0.009111834893647258:-0.7028867867190616:0.7112430386230819:0.009003690027081828:0.7113018122392439:0.7028290680139588:-0.9999177922881631:-7.17720844589412e-10:0.012810308916763826
006:20:568.2425433423396:568.5984401934376:86.65641765315293:0.008128966842336986:0.7028871634730114:-0.7112545672939444:0.008032595536701449:-0.7113015108360841:-0.702841124140351:-0.9999345201635323:-9.786055718344613e-08:-0.011428623851192438
007:20:592.1802234165992:591.9959286461174:211.88997066669097:-0.006163918904352797:0.6847299589692344:0.7287704612244458:-0.042073856056331044:-0.7283169248197289:0.68394744101559:0.9990952630650546:-0.026446655577793247:0.033298985774599714
020:20:518.8207969084475:523.8305128653562:288.88888132032065:0.4335419972525595:-0.69230414502435:0.5768507981268698:0.35247554848028384:0.719418448631219:0.5984964428022326:-0.82933822189165:-0.05614755165315489:0.5559181603014213
021:20:497.91913880677953:502.0786374407074:267.901287149729:0.43274422076395:0.6923045217782997:-0.5774489703728982:0.35164834750819834:-0.7194180718772692:-0.598983359606898:-0.830105745038094:0.05614764584164233:-0.5547715473307322
022:20:467.2325356271721:478.6301081713335:390.95433056436764:-0.39891849764690784:0.6994355698377117:0.5930046135028163:-0.3690465811801908:-0.7144621750713817:0.5944311546581745:0.8394452494001888:0.018283329952594556:0.5431361797496108
023:20:371.9615527115321:386.26308924223554:341.9215822821961:0.7204189564201925:0.6932045116134782:-0.021542030275043193:0.688843961398996:-0.7188047917978555:-0.09388143297008476:-0.08056353876244314:0.05279487005793948:-0.9953503288044746
024:20:373.24100671368:390.17915057205187:378.4391454587473:0.7203611623642998:-0.69329463115826:0.02055159359008914:0.6890624033390648:0.7187185151433613:0.09293371782832091:-0.07920125299321594:-0.05278451403374555:0.9954601902562236
025:20:587.7482756160097:-600.0563654049151:87.80427662450464:0.009247749469699978:0.6919197806448083:0.7219154984594154:-0.0088632173169151:0.7219735185676779:-0.691864623866564:-0.9999181690421128:-5.891903372408741e-07:0.012810443135358425
026:20:561.2290413096389:-574.6410864800263:86.65655268176852:0.008250283968870781:-0.6919190271369089:-0.7219282327429172:-0.007907120577125263:-0.7219741967247875:0.6918754743803169:-0.999934896917482:4.906120951428951e-07:-0.011428756892430945
027:20:585.2691116541224:-597.9337927270061:211.89014427491102:-0.0422255089399568:-0.7094222621346984:0.7035178495849038:0.00501691740615304:-0.7042862769408272:-0.7098989312319304:0.9990956398190044:-0.026446085737444242:0.033299134121467434
028:20:515.1336669514675:-526.4554691524792:288.88901634893625:0.364137514890258:0.7003213183735894:0.6139661106808162:-0.4237947697660381:0.7116152715254414:-0.5603595619135212:-0.82933822189165:-0.056147994339045854:0.5559186124061609
029:20:492.8211912944821:-506.1532223652296:267.9014221783446:0.36328887661843134:-0.7003209416196396:-0.6144691148791362:-0.42301982456678383:-0.711615648279391:0.5609443593943334:-0.830105745038094:0.05614808381810892:-0.5547719994354718
030:20:468.54644121609846:-476.11572103057875:390.95448488278544:-0.37976078535415736:-0.6951724481946365:0.6103419637365282:0.3887332183430045:-0.7186095579010917:-0.5766177004581554:0.8394451740493989:0.018283758510212404:0.5431367072051405
031:20:373.6224818425318:-383.39245803394266:341.92169802100943:0.7081845500589582:-0.6996836246382314:-0.09443263341742733:-0.7014157885976321:-0.71249951304552:0.01898020466932268:-0.08056335038546827:0.05279506314433873:-0.9953503288044746
032:20:377.5717987913884:-384.56481505412336:378.43926119756065:0.7084013342816481:0.6995949367584587:0.0934583477033569:-0.7013521171801232:0.7125872967158132:-0.018015921772618293:-0.0792010740350898:-0.0527847071201448:0.9954601902562236
033:20:332.30252950341344:203.29003671919344:312.8488796957576:-0.7749075238592625:-0.4787051886026505:0.41274653554021734:-0.4209526886706546:0.8779709026896539:0.2279603272062843:-0.471505232245828:0.00290141336701162:-0.8818584759956118
034:20:337.59939345628123:210.74965400801025:412.47303085968997:-0.7890841721822817:0.48885365904566264:0.371978857171146:-0.43385063408820007:-0.8722024983157215:0.2259126318139625:0.4348790593448505:0.016880838650147865:0.9003306468013853
035:20:190.5354651679294:-343.45064632516835:312.84897614476876:-0.39556580192341934:0.8930536442618376:0.21443621672424346:0.7881690368383231:0.44994085339742773:-0.41993194919457916:-0.471505345272013:0.0029012756163487403:-0.8818584759956118
036:20:197.81915946043108:-348.9868195644709:412.47310801889887:-0.4079970245480064:-0.8876175368715904:0.21371386637637524:0.8027570251236864:-0.4602719364798869:-0.3791187212729823:0.43487887096787564:0.016880979932879025:0.9003307221521752
037:20:-346.33335294965565:-212.72892274517093:312.84903401417546:0.7732644245335842:0.4821162058375613:-0.41185698178944713:0.42396317878157924:-0.8761025045020213:-0.229564055744213:-0.4715054582981979:0.0029015043177698036:-0.8818584006448219
038:20:-351.6010507215554:-220.20910296316228:412.47318517810777:0.7873903617749662:-0.49224308827925245:-0.37109732827950564:0.43691707216066356:0.8702940888586247:-0.22735801066680852:0.4348792100464304:0.016880749171084796:0.9003305714505954
039:20:-199.31178506699553:353.48219223478463:312.8489375651643:0.3955654251694696:-0.8930537949634175:-0.2144363297504284:-0.7881693382414828:-0.4499405519942679:0.4199317608176043:-0.471505232245828:0.002901642951449753:-0.8818584759956118
040:20:-206.59547935949718:359.0184426332961:412.47310801889887:0.40799694919721646:0.8876176122223803:-0.21371373451249281:-0.8027567990713166:0.460271748102912:0.37911936175469685:0.4348793984234053:0.016880606710997545:0.9003304960998054
041:20:-103.83481599826874:390.1180790581995:312.84891827536205:0.22269639637107583:-0.9671922660552:-0.122251984947022:-0.8532813875034181:-0.2540291574402764:0.4553900341497315:-0.471505232245828:0.0029016282344985905:-0.8818585513464018
042:20:-109.80538593883429:397.05006238668653:412.4730694392944:0.23181534897098324:0.964027683578825:-0.13004708068057738:-0.8701384141265852:0.26526522234774824:0.41532345720576214:0.4348802649574897:0.016880614952490196:0.9003300439950658
045:20:-0.56628853882084:402.42913947664806:312.84889898555986:-0.018187555566498165:-0.9998138835488203:0.006434669009599012:-0.8816758256807699:0.019072829627870328:0.4714701187777107:-0.4715051192196431:0.0029015976232401727:-0.8818585513464018
046:20:-4.422499112932825:410.7254519370842:412.4730694392944:-0.014005903432989525:0.9998301593194497:-0.011981005186696276:-0.9003785699037944:-0.007399603572900872:0.4350443789780037:0.4348818473240787:0.0168806314354755:0.9003292904871663
047:20:105.17551512248912:383.7768266331285:312.84889898555986:-0.2718440056299096:-0.9517748916248426:0.14221577173412533:-0.8389182459752694:0.30678341342243215:0.44955550945761674:-0.4715051192196431:0.002901553766725709:-0.8818585513464018
048:20:103.87755255510385:392.83323446053845:412.47303085968997:-0.27323752430157167:0.9551590463031358:0.114071714812933:-0.8580323301606381:-0.2956115097126038:0.4199931717114146:0.4348812068423641:0.01688067970707531:0.900329591890326
049:20:198.23961927958467:348.82902898224967:312.8488796957576:-0.427479461070052:-0.8754024203125838:0.2256809846479547:-0.7713263268652466:0.48338616805140067:0.41399698189945927:-0.47150508154424814:0.002901520212077059:-0.8818585513464018
050:20:198.7001247281626:357.9664539790153:412.47303085968997:-0.43250769463429284:0.8808635441650948:0.19239658160592274:-0.7898193698398366:-0.4730691378912675:0.39037281385695:0.4348820733764486:0.016880705608909356:0.9003291397855863
053:20:279.67823223429934:284.3942416624916:312.8488796957576:-0.6878057028642568:-0.6270536010104842:0.3656873299379765:-0.5519115704227353:0.7789707398565969:0.2976545898690411:-0.4715051192196431:0.0029014472159992937:-0.8818585513464018
054:20:283.5658411058301:292.6762217998727:412.47303085968997:-0.6994642784886832:0.6360159746688728:0.3259347774111292:-0.5671215041283567:-0.77149126974445:0.28839985514564137:0.4348827515335581:0.016880771540850565:0.9003288383824265
043:20:364.81448808820807:104.15387897201329:312.84889898555986:-0.853281538204998:-0.2540285169585618:0.4553900718251265:-0.22269596310403358:0.9671924167567799:0.12225144807264358:-0.4715051568950381:0.002901370393514226:-0.8818585513464018
044:20:371.74666431471735:110.12447784728218:412.47303085968997:-0.8701381880742154:0.2652655425886056:0.415323645582737:-0.23181548083486567:-0.964027608228035:0.1300475139476196:0.4348806040360445:0.016880869261406282:0.9003298932934858
051:20:377.1255485066566:0.8853860985779723:312.84889898555986:-0.8816758256807699:0.019072517628505686:0.4714701187777107:0.01818715173335827:0.9998138835488203:-0.00643475848866208:-0.4715051192196431:0.0029013277143558553:-0.8818585513464018
052:20:385.4219767059061:4.741585294720675:412.4730694392944:-0.9003784945530044:-0.007399286275433812:0.43504456735497854:0.01400573624842432:-0.9998301593194497:0.011981381940646033:0.4348820357010536:0.016880898695308608:0.9003291397855863
055:20:358.4733899815549:-104.85637498953565:312.84891827536205:-0.8389180199228996:0.30678401622875173:0.4495553587560368:0.27184442005925435:0.9517747409232626:-0.14221628977080625:-0.4715051568950381:0.0029012935710291585:-0.8818585513464018
056:20:367.52975922936037:-103.55846064665596:412.4730694392944:-0.8580323301606381:-0.295611170634049:0.41999343543917944:0.27323735476229427:-0.9551591970047156:-0.1140714134097732:0.434881357543944:0.016880939902771862:0.9003294411887461
057:20:323.52553446126933:-197.92045021192786:312.8489375651643:-0.7713261008128768:0.48338673318232533:0.41399686887327436:0.4274798001486068:0.8754021189094239:-0.22568149326578688:-0.4715051568950381:0.002901278854077996:-0.8818585513464018
058:20:332.66305590704604:-198.38103281971473:412.4730694392944:-0.7898191437874668:-0.47306928859284736:0.3903729645585299:0.4325079206866627:-0.8808634688143049:-0.1923965062551328:0.4348821864026335:0.016880945789552328:0.9003291397855863
059:20:259.09080501091796:-279.35914032585146:312.84895685496656:-0.5519111559933906:0.7789711166105466:0.29765434497897375:0.6878058535658368:0.6270531112303496:-0.3656877443673212:-0.471505269921223:0.0029012688465512057:-0.8818584759956118
060:20:267.3727079890901:-283.2466720381733:412.47310801889887:-0.5671212780759869:-0.7714914204460299:0.28839993049643137:0.6994644291902631:-0.636015823967293:-0.3259347774111292:0.43488278920895307:0.0168809504989767:0.9003288383824265
061:20:97.7364800526491:-395.4527510234333:312.848995434571:-0.22269545448620143:0.9671925674583598:0.12225113725063504:0.8532816135557879:0.2540278953145447:-0.4553903732282863:-0.471505345272013:0.002901290333299903:-0.8818584006448219
062:20:103.70706928301689:-402.3848115111292:412.4731465985033:-0.23181489686624354:-0.9640278342804048:0.130047316151796:0.8701383387757953:-0.2652649209445885:-0.415323683258132:0.43488056636064953:0.0168809504989767:0.9003298932934858
063:20:-5.532016889728866:-407.76381144188184:312.8490147243732:0.01818771097750244:0.9998138835488203:-0.006435071076704768:0.88167567497919:-0.019073155755508085:-0.4714703448300806:-0.471505345272013:0.00290132094455832:-0.8818584006448219
064:20:-1.675739479466194:-416.06020106152687:412.4731465985033:0.014006315507622071:-0.9998301593194497:0.011981111148744644:0.9003785699037944:0.007399926168470351:-0.4350446050303735:0.4348820357010536:0.016880905759445165:0.9003292151363763
065:20:-111.27369674969093:-389.11161433717564:312.8490147243732:0.27184492867708654:0.9517745148708928:-0.1422165817551173:0.8389177185197397:-0.30678463787276883:-0.44955550945761674:-0.47150538294740796:0.002901364801072784:-0.8818584006448219
066:20:-109.97579205171235:-398.16798358498113:412.47318517810777:0.2732378633801264:-0.9551589709523458:-0.11407173365063049:0.8580322548098481:0.2956118111157636:-0.41999332241299453:0.434881357543944:0.016880869261406282:0.9003295165395361
067:20:-204.3378201965887:-354.1638166862968:312.84903401417546:0.4274802899287415:0.8754018175062641:-0.2256817569935517:0.771325648708137:-0.48338729831324995:-0.41399690654866933:-0.47150530759661796:0.0029013986500604576:-0.8818584759956118
068:20:-204.79844138398002:-363.30124168306236:412.47318517810777:0.43250799603745266:-0.8808633934635148:-0.1923966757944102:0.7898191437874668:0.47306943929442724:-0.3903729268831349:0.4348821864026335:0.016880826876586933:0.9003291397855863
069:20:-285.77654889011677:-289.7290100767365:312.84903401417546:0.6878062303197865:0.6270526591256098:-0.36568789506890115:0.5519105908624659:-0.7789715687152864:-0.2976543073035788:-0.471505345272013:0.002901471646138223:-0.8818584759956118
070:20:-289.66404202283417:-298.0108937651064:412.47318517810777:0.6994649566457928:-0.6360149197578135:-0.32593526719126387:0.5671205245680874:0.7714920986031395:-0.28839947839169167:0.43488282688434804:0.016880749171084796:0.9003288383824265
071:20:-388.29071751358066:-103.65512184561814:312.84903401417546:0.8532816889065779:0.2540273113459226:-0.45539041090368126:0.22269477632909188:-0.9671927181599398:-0.12225108073754258:-0.47150542062280293:0.0029015481742842675:-0.8818584006448219
072:20:-395.2227008420677:-109.62568214128258:412.47318517810777:0.8701384141265852:-0.2652642993005714:-0.4153239846612918:0.23181442592380633:0.9640279096311948:-0.13004687346590502:0.4348807170622294:0.016880691480636242:0.9003298179426958
073:20:-400.6017779320292:-0.38662693771149553:312.8490147243732:0.8816755996284:-0.019073795059866578:-0.4714703448300806:-0.018188402085529024:-0.9998138835488203:0.006435134653933789:-0.471505345272013:0.002901590853442638:-0.8818584006448219
074:20:-408.89809039246535:-4.242877598443735:412.47318517810777:0.9003784192022145:0.007400561940760565:-0.4350447934073484:-0.014006773499142245:0.9998301593194497:-0.01198058604792717:0.43488222407802846:0.016880633790187685:0.9003291397855863
075:20:-381.94954224771857:105.3550549567219:312.848995434571:0.8389175678181598:-0.30678522184139095:-0.4495553964314318:-0.27184560683419606:-0.951774288818523:0.14221662884936104:-0.471505269921223:0.002901625291108358:-0.8818584759956118
076:20:-391.0059500751285:104.05717919344666:412.4731465985033:0.8580319534066884:0.29561239508438575:-0.4199934731145744:-0.27323827780947113:0.955158744899976:0.11407230820040387:0.43488165894710384:0.016880606710997545:0.9003294411887461
077:20:-347.0017831764442:198.41909159950964:312.84897614476876:0.7713254226557672:-0.48338782576877964:-0.4139967181716945:-0.4274809304104561:-0.8754015161031043:0.2256817569935517:-0.4715051568950381:0.0029016403023985437:-0.8818585513464018
078:20:-356.13920817320974:198.87975136650542:412.4731465985033:0.789818767033517:0.4730700044253519:-0.3903729645585299:-0.4325083727914024:0.8808630920603551:0.19239725976303232:0.4348825254811883:0.016880581986519594:0.9003289137332164
079:20:-282.56703443629056:279.85778171343327:312.84895685496656:0.5519101764331211:-0.7789719454692361:-0.29765406241351144:-0.6878067577753162:-0.6270520939946852:0.36568778204271624:-0.4715051192196431:0.002901650015586311:-0.8818585513464018
080:20:-290.8488988348583:283.7453134257551:412.47310801889887:0.5671200724633477:0.7714925507078793:-0.2883993653655067:-0.6994651073473727:0.6360144676530738:0.32593583232218853:0.4348832036382978:0.01688056550353429:0.9003286123300567
081:20:-62.6278970777532:0.19820639123893352:505.0989189346815:0.1477946406147841:7.689273731061251e-08:-0.9890180744693364:2.8306237499947816e-09:1.0:7.816952085258622e-08:0.9890180744693364:-1.4352584458904252e-08:0.1477946406147841
082:20:62.91854617281658:0.19821341770009648:505.0989189346815:-0.14779435804932176:-4.403578748099781e-08:0.9890180744693364:2.471909203729663e-07:-1.0:-7.58566806562583e-09:0.9890180744693364:2.433551712560487e-07:0.14779435804932176
083:20:0.1453267892176938:-62.57501408494641:505.0989189346815:2.6547682201734626e-07:-1.0:-4.9049781959804186e-08:0.14779463119593533:8.774716248141703e-08:-0.9890180744693364:0.9890180744693364:2.5531206529948073e-07:0.14779463119593533
084:20:0.14531976275653083:62.97139058601892:505.0989189346815:8.354142360718876e-09:1.0:1.221094020301413e-07:-0.1477943674681705:-1.1953371101387398e-07:0.9890180744693364:0.9890180744693364:-2.630946053730798e-08:0.1477943674681705
089:20:-62.627935657357654:0.1981712777708162:232.62646948168677:0.14779435804932176:3.885454757147118e-08:-0.9890180744693364:1.0018232150756934e-07:-1.0:-2.4315191941740956e-08:-0.9890180744693364:-9.548848179764054e-08:-0.14779435804932176
090:20:62.91850759321213:0.19817830423197916:232.62646948168677:-0.1477946406147841:-4.709130464094248e-07:0.9890180744693364:-2.191084373001758e-07:1.0:4.433993540968292e-07:-0.9890180744693364:-1.5117016173509857e-07:-0.1477946406147841
091:20:0.14528139036674811:62.97135682886502:232.62646948168677:-1.2001896439259303e-09:-1.0:-1.699855286927808e-07:-0.14779408490270818:-1.6794139591560973e-07:0.9890182251709163:-0.9890182251709163:2.630984678541588e-08:-0.14779408490270818
092:20:0.14528841682791108:-62.575009262495854:232.62646948168677:-2.902498594415452e-07:1.0:2.1482717344708208e-07:0.14779446165665794:2.553652956782577e-07:-0.9890180744693364:-0.9890180744693364:-2.5531210122953727e-07:-0.14779446165665794
001:21:-600.3281201386967:-603.5191935415934:87.80421875509795:-0.008969437206268492:0.7139740526540771:-0.7001147065075429:-0.00914542486298024:-0.7001726512650155:-0.713915354388705:-0.9999183950944828:6.663016281029585e-07:0.012810975300312458
002:21:-574.6099141596266:-577.2940129803792:86.65647552255962:-0.008001946602888754:-0.7139744294080269:0.7001260844768256:-0.008159011203795932:0.7001722745110657:0.7139277119182571:-0.9999351229698519:-7.648796186905416e-07:-0.01142929023474107
003:21:-598.1770371330954:-601.0647205265574:211.8901249851088:0.005502372523228953:-0.6960872067846454:-0.7179361478912969:0.04216521888914701:0.7174705553601877:-0.6953119225068364:0.9990957905205843:-0.026447343153751555:0.03329965215814835
004:21:-525.8975309128499:-531.7554580533078:288.8890549285407:-0.42795172214607186:0.7035199594070224:-0.5673776214634012:-0.3592425015226511:-0.7084547579917236:-0.6074846617815745:-0.8293389000487595:-0.056146840530074724:0.5559192528878756
008:21:-505.3401957809435:-509.67789360784934:267.9014221783446:-0.4271670943703089:-0.7035202608101823:0.5679681832796446:-0.3584027546440387:0.7084544565885638:0.6079808467334038:-0.8301064985459935:0.056146934718562164:-0.5547726399171865
009:21:-475.0256157270963:-485.75020565114346:390.95463920120324:0.39307218055616566:-0.7105725672940951:-0.5835933375132928:0.3752674670477809:0.7033870406135483:-0.6036736072028122:0.8394460029080884:0.018282574089982857:0.5431372723360651
011:21:-381.21749425318365:-391.89794910973416:341.92181375982284:-0.7095091415955123:-0.7044105303934569:0.020064323578595885:-0.7000759762015079:0.7078266338066895:0.09420798445603625:-0.0805631620084934:0.0527948841862126:-0.9953503288044746
012:21:-382.43506656978565:-395.83368603782264:378.439376936374:-0.7094478814032819:0.7044993689748096:-0.019088891119690886:-0.7002935139320974:-0.7077390008379761:-0.09324483182118112:-0.07920087623926618:-0.05278452816201867:0.9954601902562236
010:21:-596.3898755363186:604.7628070912026:87.80422839999906:-0.009352321060523186:-0.6833388326851533:-0.7300419304540842:0.008753613706150456:-0.7301012315257759:0.6832832238021692:-0.9999183197436928:2.0147427095153351e-07:0.012810202954715456
013:21:-569.5722665690924:579.6628392735249:86.65650445726295:-0.008343622405210778:0.6833383805804135:0.730054589386796:0.007809375885607253:0.7301016836305156:-0.6832942250175021:-0.9999350476190619:-3.000526567697387e-07:-0.011428516711787975
014:21:-593.8859048887667:602.6696706514928:211.89010569530657:0.04228231401673134:0.701049207004519:-0.711858729927774:-0.004517800837652126:0.7126221841315606:0.7015337879346959:0.9990957905205843:-0.0264468651471778:0.03329888452197572
015:21:-522.9105436175206:532.0254767048889:288.888997059134:-0.36912106543605766:-0.6918625140444453:-0.6205457793347595:0.4194610444327785:-0.719842447526275:0.5530630811947712:-0.8293383725932298:-0.05614724083114634:0.555918537055371
016:21:-500.3596845846073:511.9882332206412:267.9014028885424:-0.36826342274483187:0.6918619112381258:0.6210557534811499:0.4186960832131928:0.7198429749818047:-0.5536416999108073:-0.8301058957396739:0.05614733031020941:-0.5547719240846819
017:21:-475.731699647833:482.2398860213811:390.954446303181:0.3843288516441655:0.6866314361536556:-0.6171140406326121:-0.38421740782582753:0.726775398358905:0.5693628887262484:0.8394453247509788:0.01828300029288852:0.5431366318543506
018:21:-379.7182136648507:390.6447292386157:341.92169802100943:-0.7164249124480334:0.6912138944445445:0.09465007695952932:0.6929969955379522:0.7207190786165686:-0.01786306092164113:-0.08056332212892203:0.05279468639038898:-0.9953503288044746
019:21:-383.68126495289334:391.7703277781968:378.43926119756065:-0.7166410185136137:-0.6911241516537124:-0.0936644697892687:0.6929306114920052:-0.7208059580773823:0.01691034908061864:-0.07920105519739232:-0.052784330366195044:0.9954601902562236
005:21:594.369500230611:594.4163358704195:87.80414159588904:0.009111834893647258:-0.7028867867190616:0.7112430386230819:0.009003690027081828:0.7113018122392439:0.7028290680139588:-0.9999177922881631:-7.17720844589412e-10:0.012810308916763826
006:21:568.2425433423396:568.5984401934376:86.65641765315293:0.008128966842336986:0.7028871634730114:-0.7112545672939444:0.008032595536701449:-0.7113015108360841:-0.702841124140351:-0.9999345201635323:-9.786055718344613e-08:-0.011428623851192438
007:21:592.1802234165992:591.9959286461174:211.88997066669097:-0.006163918904352797:0.6847299589692344:0.7287704612244458:-0.042073856056331044:-0.7283169248197289:0.68394744101559:0.9990952630650546:-0.026446655577793247:0.033298985774599714
020:21:518.8207969084475:523.8305128653562:288.88888132032065:0.4335419972525595:-0.69230414502435:0.5768507981268698:0.35247554848028384:0.719418448631219:0.5984964428022326:-0.82933822189165:-0.05614755165315489:0.5559181603014213
021:21:497.91913880677953:502.0786374407074:267.901287149729:0.43274422076395:0.6923045217782997:-0.5774489703728982:0.35164834750819834:-0.7194180718772692:-0.598983359606898:-0.830105745038094:0.05614764584164233:-0.5547715473307322
022:21:467.2325356271721:478.6301081713335:390.95433056436764:-0.39891849764690784:0.6994355698377117:0.5930046135028163:-0.3690465811801908:-0.7144621750713817:0.5944311546581745:0.8394452494001888:0.018283329952594556:0.5431361797496108
023:21:371.9615527115321:386.26308924223554:341.9215822821961:0.7204189564201925:0.6932045116134782:-0.021542030275043193:0.688843961398996:-0.7188047917978555:-0.09388143297008476:-0.08056353876244314:0.05279487005793948:-0.9953503288044746
024:21:373.24100671368:390.17915057205187:378.4391454587473:0.7203611623642998:-0.69329463115826:0.02055159359008914:0.6890624033390648:0.7187185151433613:0.09293371782832091:-0.07920125299321594:-0.05278451403374555:0.9954601902562236
025:21:587.7482756160097:-600.0563654049151:87.80427662450464:0.009247749469699978:0.6919197806448083:0.7219154984594154:-0.0088632173169151:0.7219735185676779:-0.691864623866564:-0.9999181690421128:-5.891903372408741e-07:0.012810443135358425
026:21:561.2290413096389:-574.6410864800263:86.65655268176852:0.008250283968870781:-0.6919190271369089:-0.7219282327429172:-0.007907120577125263:-0.7219741967247875:0.6918754743803169:-0.999934896917482:4.906120951428951e-07:-0.011428756892430945
027:21:585.2691116541224:-597.9337927270061:211.89014427491102:-0.0422255089399568:-0.7094222621346984:0.7035178495849038:0.00501691740615304:-0.7042862769408272:-0.7098989312319304:0.9990956398190044:-0.026446085737444242:0.033299134121467434
028:21:515.1336669514675:-526.4554691524792:288.88901634893625:0.364137514890258:0.7003213183735894:0.6139661106808162:-0.4237947697660381:0.7116152715254414:-0.5603595619135212:-0.82933822189165:-0.056147994339045854:0.5559186124061609
029:21:492.8211912944821:-506.1532223652296:267.9014221783446:0.36328887661843134:-0.7003209416196396:-0.6144691148791362:-0.42301982456678383:-0.711615648279391:0.5609443593943334:-0.830105745038094:0.05614808381810892:-0.5547719994354718
030:21:468.54644121609846:-476.11572103057875:390.95448488278544:-0.37976078535415736:-0.6951724481946365:0.6103419637365282:0.3887332183430045:-0.7186095579010917:-0.5766177004581554:0.8394451740493989:0.018283758510212404:0.5431367072051405
031:21:373.6224818425318:-383.39245803394266:341.92169802100943:0.7081845500589582:-0.6996836246382314:-0.09443263341742733:-0.7014157885976321:-0.71249951304552:0.01898020466932268:-0.08056335038546827:0.05279506314433873:-0.9953503288044746
032:21:377.5717987913884:-384.56481505412336:378.43926119756065:0.7084013342816481:0.6995949367584587:0.0934583477033569:-0.7013521171801232:0.7125872967158132:-0.018015921772618293:-0.0792010740350898:-0.0527847071201448:0.9954601902562236
033:21:335.85034850870613:197.94708942880408:312.8488796957576:-0.7816657362099955:-0.4643315356393036:0.4164072276176318:-0.4082665543236622:0.8856566832646875:0.22120267998647605:-0.471505232245828:0.0029014101292823644:-0.8818584759956118
034:21:341.26815952154055:205.32649971995878:412.47303085968997:-0.79605072946723:0.4745726498785609:0.37561159410548856:-0.4209317034756531:-0.8800545027333876:0.2198197292631047:0.4348790593448505:0.016880842182216145:0.9003306468013853
035:21:185.1381399250606:-346.90051171474965:312.84897614476876:-0.3826668769456045:0.9002686331012554:0.2075632639581122:0.7945116895824745:0.4353252113721522:-0.42337126065111674:-0.471505345272013:0.00290127649936581:-0.8818584759956118
036:21:192.33763423083911:-352.5552014989382:412.47310801889887:-0.3948586347597263:-0.8950016128836589:0.20750618573472407:0.8093004123722681:-0.44574339996779505:-0.3825517032631639:0.43487887096787564:0.01688097875552293:0.9003307221521752
037:21:-349.9955990617621:-207.39463657598174:312.84903401417546:0.7800718409501554:0.46777254248861505:-0.4155439336171597:0.41130341721106983:-0.8838441200124088:-0.22282070633679799:-0.4715054582981979:0.002901507261160036:-0.8818584006448219
038:21:-355.3845139508597:-214.79509204136667:412.47318517810777:0.7944071026860221:-0.4779927468836609:-0.3747537253618929:0.42402534318328905:0.878201551457695:-0.22127929290215903:0.4348792100464304:0.01688074563901652:0.9003305714505954
039:21:-193.71616065722768:356.86307729160023:312.8489375651643:0.3826665001916547:-0.9002687084520453:-0.2075633769842971:-0.7945119156348444:-0.4353249099689924:0.42337103459874686:-0.471505232245828:0.0029016420684326834:-0.8818584759956118
040:21:-200.91565496300615:362.5178442349977:412.47310801889887:0.3948585970843313:0.8950016128836589:-0.20750607270853916:-0.8093000356183184:0.4457433246170051:0.38255230606948354:0.4348793984234053:0.01688060788835364:0.9003304960998054
041:21:-97.57496653859795:391.7878429186194:312.84891827536205:0.20875917518312692:-0.9712041681645776:-0.11481333612533128:-0.8567977828180758:-0.23823112965678242:0.457322141430268:-0.471505232245828:0.0029016267628034745:-0.8818585513464018
042:21:-103.43775470921716:398.90655153266897:412.4730694392944:0.21760215551483766:0.9682232155633138:-0.12326046108203283:-0.8738011406753284:0.2495173028395719:0.4173879181488481:0.4348802649574897:0.01688061612984629:0.9003300439950658
045:21:5.969826077567158:402.38716486700093:312.84889898555986:-0.0325555748809401:-0.999370218097587:0.014118309151255483:-0.8812622251947272:0.0353662653081723:0.47130261397164896:-0.4715051192196431:0.0029015955628670102:-0.8818585513464018
046:21:2.245039261905858:410.68702665104695:412.4730694392944:-0.028679318321748023:0.9995766792620535:-0.0048886259164634014:-0.9000307506573791:-0.023694854147620185:0.4351818941696648:0.4348818473240787:0.016880633790187685:0.9003292904871663
047:21:111.48819935046112:382.2455635527023:312.84889898555986:-0.285481010432995:-0.9466483252797153:0.14952396950071287:-0.8343761003570045:0.32225517228543693:0.44717785295609813:-0.4715051192196431:0.0029015511176745:-0.8818585513464018
048:21:110.33596159400376:391.32971011571544:412.47303085968997:-0.2871862929980806:0.9502140000110012:0.12090202845080057:-0.8534648666769495:-0.3111403656366942:0.4180781313848021:0.4348812068423641:0.016880682061787496:0.900329591890326
049:21:204.05613121466:345.7649982168235:312.8488796957576:-0.4399941723699052:-0.8674076261479599:0.2323985452475089:-0.7642565389980651:0.4975897166064325:0.41026376468671666:-0.47150508154424814:0.0029015172686868264:-0.8818585513464018
050:21:204.66464731572984:354.9017673603134:412.47303085968997:-0.4453235076907914:0.8730359534033729:0.19873373374240774:-0.7826649630355397:-0.48736352182358555:0.38718509868805984:0.4348820733764486:0.016880709140977637:0.9003291397855863
053:21:284.51133076201273:279.96370201746464:312.8488796957576:-0.6967096796604332:-0.6142742577363222:0.370490076263288:-0.5406280533552915:0.7890872615646697:0.2916549150830505:-0.4715051192196431:0.002901443978270038:-0.8818585513464018
054:21:288.5366881112503:288.1889122668901:412.47303085968997:-0.7086148784203702:0.623356928930868:0.3305921343872297:-0.5556455788187724:-0.7817552529484576:0.283049120200409:0.4348827515335581:0.016880775072918842:0.9003288383824265
043:21:366.7617550434733:98.21073913021529:312.84889898555986:-0.8567978581688658:-0.2382309789552025:0.457322141430268:-0.20875917518312692:0.9712042435153675:0.11481301588447397:-0.4715051568950381:0.0029013677444630166:-0.8818585513464018
044:21:373.8080111603562:104.0735369457356:412.47303085968997:-0.8738009899737486:0.2495176230804292:0.417388106525823:-0.21760230621641757:-0.9682231402125239:0.12326087551137756:0.4348806040360445:0.016880871616118467:0.9003298932934858
051:21:377.0945305046747:-5.333966079033485:312.84889898555986:-0.8812622251947272:0.03536547647958999:0.47130265164704394:0.032554750731675006:0.999370218097587:-0.014118174932660883:-0.4715051192196431:0.0029013256539826924:-0.8818585513464018
052:21:385.3945466071385:-1.609193881425435:412.4730694392944:-0.9000305999557993:-0.023694536261475076:0.4351820825466397:0.02867915113718282:-0.9995766792620535:0.004888998549666832:0.4348820357010536:0.016880901050020793:0.9003291397855863
055:21:357.0640384512067:-110.85238817923934:312.84891827536205:-0.8343760250062146:0.32225581276715154:0.4471777399299132:0.28548142486233974:0.9466481745781354:-0.14952448753739378:-0.4715051568950381:0.002901291804995019:-0.8818585513464018
056:21:366.14814643461534:-109.70020829218866:412.4730694392944:-0.8534648666769495:-0.3111400642335344:0.4180783574371719:0.2871861234588032:-0.9502140753617911:-0.12090173646648951:0.434881357543944:0.016880941080127956:0.9003294411887461
057:21:320.5834345357235:-203.42039720264714:312.8489375651643:-0.7642563129456952:0.49759028173735714:0.4102635763097418:0.439994473773065:0.8674073247448001:-0.23239905386534104:-0.4715051568950381:0.002901277676721903:-0.8818585513464018
058:21:329.7202808384222:-204.02897117312364:412.4730694392944:-0.7826648123339598:-0.4873636725251655:0.3871852493896398:0.4453236960677663:-0.873035878052583:-0.19873363955392032:0.4348821864026335:0.01688094696690842:0.9003291397855863
059:21:254.78217691596902:-283.8736099003704:312.84895685496656:-0.5406276389259468:0.7890877136694094:0.2916546513552857:0.6967098303620131:0.6142737679561875:-0.37049049069263273:-0.471505269921223:0.002901269140890229:-0.8818584759956118
060:21:263.00734858579:-287.8988900903991:412.47310801889887:-0.5556453527664025:-0.7817553282992475:0.2830492332265939:0.7086150291219501:-0.6233568159046831:-0.3305920967118347:0.43488278920895307:0.0168809504989767:0.9003288383824265
061:21:91.4281360301783:-397.3888298934065:312.848995434571:-0.20875862888989977:0.9712043188661574:0.11481271448131417:0.8567978581688658:0.23823035731118541:-0.4573223674826379:-0.471505345272013:0.002901291804995019:-0.8818584006448219
062:21:97.29093384569862:-404.43497027147606:412.4731465985033:-0.21760172224779545:-0.9682232909141038:0.12326066829670519:0.8738011406753284:-0.24951698259871463:-0.4173881818766129:0.43488056636064953:0.016880949321620604:0.9003298932934858
063:21:-12.116572193102073:-407.7305172432371:312.8490147243732:0.032555308798463085:0.999370218097587:-0.014118485754669431:0.8812620744931473:-0.0353661146065924:-0.47130284002401884:-0.471505345272013:0.002901323004931483:-0.8818584006448219
064:21:-8.391719219447195:-416.03049476609647:412.4731465985033:0.028679728041668386:-0.9995766792620535:0.004888723931358143:0.9000305999557993:0.023695176743189664:-0.4351820825466397:0.4348820357010536:0.01688090340473298:0.9003292151363763
065:21:-117.63502985888078:-387.71437680262636:312.8490147243732:0.2854819334801719:0.9466479485257656:-0.14952477952170484:0.8343755729014748:-0.3222564155734711:-0.4471778906314931:-0.47150538294740796:0.0029013674501239934:-0.8818584006448219
066:21:-116.482840326929:-396.79848478603503:412.47318517810777:0.28718623648498814:-0.9502140753617911:-0.12090185891152318:0.8534648666769495:0.3111402149351143:-0.4180783574371719:0.434881357543944:0.016880866906694096:0.9003295165395361
067:21:-210.2022094207928:-351.233850046352:312.84903401417546:0.43999500122859464:0.8674070233416402:-0.2323993175931059:0.7642558608409555:-0.49759084686828176:-0.4102636139851368:-0.47150530759661796:0.00290140159345069:-0.8818584759956118
068:21:-210.81082197087375:-360.3705806102374:412.47318517810777:0.44532343234000143:-0.8730360287541629:-0.19873360187852535:0.7826650383863297:0.4873633711220057:-0.3871852493896398:0.4348821864026335:0.016880823344518656:0.9003291397855863
069:21:-290.66018669966627:-285.4324959775864:312.84903401417546:0.6967102071159629:0.6142732405006578:-0.37049064139421267:0.5406270361196273:-0.7890880904233591:-0.2916546325175882:-0.471505345272013:0.0029014748838674786:-0.8818584759956118
070:21:-294.6854475998927:-293.657629067803:412.47318517810777:0.7086153305251098:-0.6233562507737584:-0.33059247346578446:0.5556449383370577:0.7817557804039872:-0.28304889414803913:0.43488282688434804:0.01688074563901652:0.9003288383824265
071:21:-390.1879081422632:-97.56031593380614:312.8490147243732:0.8567980088704457:0.23822973566716832:-0.4573224428334278:0.2087579507327902:-0.9712045449185274:-0.11481264854937297:-0.47150542062280293:0.0029015508233354768:-0.8818584006448219
072:21:-397.23397136112385:-103.42309445952424:412.47318517810777:0.8738010653245385:-0.2495168507348322:-0.4173883702535878:0.217601665734703:0.9682233662648937:-0.12326042340663784:0.4348807170622294:0.016880689125924057:0.9003298179426958
073:21:-400.5672491860419:5.984396509118463:312.8490147243732:0.8812620744931473:-0.03536675508830698:-0.47130284002401884:-0.032556001083845765:-0.999370142746797:0.014118550509254547:-0.471505345272013:0.002901592913815801:-0.8818584006448219
074:21:-408.86711097008794:2.2595729222716665:412.4731465985033:0.9000305246050093:0.02369533686361831:-0.43518227092361456:-0.02867975394350243:0.9995766792620535:-0.004888403396161827:0.43488222407802846:0.0168806314354755:0.9003291397855863
075:21:-380.50720515556134:111.50273421643956:312.848995434571:0.8343754975506849:-0.32225701837979076:-0.4471777776053082:-0.2854826116372815:-0.9466477978241856:0.14952482661594854:-0.471505269921223:0.0029016270571424977:-0.8818584759956118
076:21:-389.59131313897:110.35058326409224:412.4731465985033:0.8534645652737898:0.31114081774143393:-0.4180784704633569:-0.28718663207663536:0.9502138493094213:0.12090243346129656:0.43488165894710384:0.016880605533641454:0.9003294411887461
077:21:-344.026678399287:204.07054069692398:312.84897614476876:0.7642556347885856:-0.49759137432381145:-0.41026342560816187:-0.4399956417103092:-0.8674066465876905:0.2323993175931059:-0.4715051568950381:0.0029016414797546366:-0.8818585513464018
