001:20:-615.2590443364802:-618.7245344658658:79.65685250256173:0.19189097780534947:0.7070683034566195:-0.6806106819841762:0.19906985477868305:-0.707124816549083:-0.6784868446186085:-0.9610150836457817:-0.005294241279144461:-0.2764470723618502
002:20:-590.1214999840633:-593.6600984638912:89.16361934257792:0.19283131798854683:-0.7070686802105693:0.6803445429940682:0.20000710557949242:0.7071244397951333:0.6782114374813365:-0.9606321509312491:0.005293996389077119:0.27777473444309475
003:20:-638.069544107376:-642.171057595808:199.39777900532587:-0.19548313833930325:-0.684430138176018:-0.7023819364263878:-0.16650682252424995:0.7289646402101504:-0.6639913871033054:0.9664691245240373:-0.01284708598904053:-0.25646276190333384
004:20:-534.2188043773685:-540.0570944991588:263.29756366030324:-0.5446113975152775:0.698155359916439:-0.4647327785957943:-0.4829266789342776:-0.7140846676137256:-0.5068182292549291:-0.68569618214878:-0.051587491384579055:0.7260572299798791
008:20:-517.5118680884959:-521.762105952102:236.15582814624776:-0.5439685422508079:-0.6981556613195988:0.4654846287779285:-0.4822259542631254:0.7140843662105658:0.5074854604999479:-0.686699025812242:0.05158767505212956:-0.7251089402883418
009:20:-468.9978997474317:-478.83839945578643:347.67939534909306:0.5114443910039898:-0.7108738197523204:-0.48278577295706865:0.5006373169814081:0.7031240663566183:-0.5049540507115338:0.69841690250836:0.016555702346220152:0.7154995293966414
011:20:-381.41575484047826:-391.54714476642425:298.5261243826039:-0.7102351464566932:-0.7036910057002119:0.01962029314697375:-0.6993783785881387:0.7085102915239178:0.09425043520732507:-0.08022434718147733:0.05321795532466734:-0.9953551512550315
012:20:-382.6174709396492:-395.4839619234374:335.04407335519966:-0.7101733588089331:0.7037799196323544:-0.018643862290101898:-0.699596142371098:-0.7084227339059943:-0.09328824329504182:-0.07886211321591821:-0.05320764168529275:0.9954645606020408
010:20:-611.7058627661681:619.7605897435067:80.64504978087614:0.19833542946672514:-0.6906980429365378:-0.6954128172145811:-0.1919192343515812:-0.7231407023040237:0.6635010795130922:-0.9611609627751274:0.0018663725464746718:-0.2759827796318677
013:20:-586.0200250752359:595.2515843068718:90.13468727651427:0.19929607668781438:0.6906976661825881:0.6951385403391585:-0.19283595206212883:0.7231411544087634:-0.6632348651721942:-0.9607786328669145:-0.0018666459874272685:0.27731063009008716
014:20:-635.035952649865:642.6062355340612:200.4019868194891:-0.165835145582624:0.7129565909373646:-0.6813158900273305:0.19628472004280528:0.700922240923451:0.6856964082011499:0.9664218795787378:-0.020018411400393676:-0.2561801210902265
015:20:-531.0932005632321:540.5186994664637:262.5803881032857:-0.49332606750782765:-0.6975647604248006:-0.5196467012441395:0.5353016190398184:-0.7143449292422175:0.4507364823885236:-0.6856251263538559:-0.05580805866902926:0.7258124906141172
016:20:-512.3336749989319:524.319663670242:235.44762234726602:-0.4926077484272218:0.697564157618481:0.520328399840829:0.5346779405513915:0.7143453813469571:-0.4514752968839962:-0.6866275932633681:0.05580831768736972:-0.7248643516241599
017:20:-468.6367174905233:476.4845034695648:346.96412948249605:0.5102253659241575:0.6864186455228332:-0.5181694113317491:-0.5017709319408307:0.7269095981158082:0.4688584980733933:0.698495794785439:0.020779176522863953:0.7153125840867721
018:20:-379.15290672077055:390.9937589201207:298.5735772960836:-0.7157916644092825:0.691945098510232:0.09409665366388319:0.6937007719160975:0.7200410722085867:-0.017893344875064998:-0.08013467032258653:0.052467014061436966:-0.995402245498751
019:20:-383.0951636020119:392.12093922348447:335.09333951008875:-0.7160070923177534:-0.69185543107019:-0.09311191302770701:0.6936344632209404:-0.7201280270201905:0.016939662892621884:-0.07877229036487188:-0.05245670984091112:0.9955115041441804
005:20:609.5817083244765:609.8477532767986:80.12075295633173:-0.1948810666898948:-0.6963116767879104:0.6907759556533475:-0.20112988886285937:0.7176830445878504:0.6666911305564709:-0.9599833806297683:-0.009009930014374671:-0.2799125682178958
006:20:584.0686686818984:585.2153702651165:89.75556550353429:-0.19583545979541808:0.6963120535418601:-0.690505747720582:-0.20205086389303925:-0.7176827431846906:-0.6664128600891807:-0.9595957008154689:0.009009694543156073:0.28123876095873634
007:20:632.7444013044427:633.567690063514:199.74017299486462:0.19798118656546654:0.6733457355710207:0.7123265076317917:0.16854506139243286:-0.7392727789770693:0.6519718811950123:0.9656065086806748:-0.009019378885698955:-0.25985181438297383
020:20:527.5601189668412:532.1992392433544:262.5399566778168:0.5505538998893926:-0.6873000237128936:0.47382385140341976:0.47751223489614136:0.724842650596654:0.49657293304682953:-0.6847424672003662:-0.04713336490782601:0.7272593011319723
021:20:510.5231727414599:514.2769682549382:235.35470336993598:0.5498983856922112:0.6873003251160534:-0.4745838394708687:0.47682578919968494:-0.7248422738427042:-0.4972327045636432:-0.6857469685812072:0.04713356741307401:-0.7263123677546542
022:20:461.580507835691:471.61969250698934:346.79314467555116:-0.5176354379587591:0.7001150079107027:0.4918256072275272:-0.4957800543595669:-0.7139271091119375:0.4944794620496123:0.6973203978129885:0.012122707056624084:0.7166571435826633
023:20:372.52211436426427:385.8787206430497:298.1684335798987:0.7210472313068065:0.6925311016036834:-0.02216954694433332:0.6881458363300971:-0.7194841545200565:-0.09379832104876847:-0.08090888085163873:0.05237713469729817:-0.9953443760920684
024:20:373.82506334552534:389.79127122886064:334.68555309099867:0.7209904168111833:-0.6926212964992551:0.02117824372529483:0.688364127568586:0.7193979532163522:0.09285155721072776:-0.07954654798816782:-0.052366736288284886:0.9954546896485571
025:20:603.5601265019202:-614.710866736778:79.47375369981798:-0.20745911032870198:0.6980769197440997:0.6853097832979097:0.1886001262427135:0.7159502024713401:-0.672193998746615:-0.9598913019644478:-0.010203523613920336:-0.28018793767977285
026:20:578.239174709924:-589.8846597923136:89.1187705523989:-0.20840577997825527:-0.6980761662362002:-0.6850231488929349:0.18952886240425834:-0.7159507299268698:0.6719320040499542:-0.9595031700454086:0.01020312802227309:0.28151401739442844
027:20:628.0379981977599:-637.1286261343214:199.0824100287079:0.17497868137775302:-0.7203141434713702:0.6712152673359374:-0.19259952012095913:-0.6936039461510101:-0.6941313263298793:0.9655508244469007:-0.007817319507166652:-0.2600982114661146
028:20:523.8987216060327:-534.7581472476504:262.9939035936374:0.49214294707940714:0.7056505783436856:0.5097573998431648:-0.5377545886558933:0.7069304868617986:-0.45942243167397584:-0.6845549190841774:-0.04802246184443212:0.727377300469036
029:20:505.50184432361027:-518.2418327843902:235.80442581906874:0.4914381911409926:-0.7056502015897359:-0.5104373653716855:-0.5371190047426541:-0.7069308636157483:0.4601647876565761:-0.6855594958158083:0.048022673768528853:-0.7264305931440879
030:20:461.5678537254297:-470.4030075212898:347.2262393151638:-0.5094929939212257:-0.6944030412784437:0.5081548015670855:0.5043560668424801:-0.7194683308541667:-0.4774828857634553:0.6971670589554376:0.013016399214061121:0.7167901377269273
031:20:373.432091494546:-383.77813833968:298.12005475591207:0.7074562846740788:-0.7003499516737709:-0.09494998252238428:-0.7021014054353991:-0.7118198489201591:0.019134382981767898:-0.08098804627533134:0.05312778868564185:-0.9952981107070383
032:20:377.39992665354106:-384.95662951696903:334.6354381848115:0.7076738977554582:0.7002613391447882:0.0939766952062807:-0.70203811077184:0.7119077079412424:-0.018169158200189117:-0.0796258829511378:-0.05311737614835546:0.9954085749651069
033:20:332.66892000692326:202.94627315369655:269.1058774294319:-0.7755715150203134:-0.4778467547281302:0.4124938466661156:-0.42016704365922725:0.8784373994302426:0.22761252679756655:-0.47111393559361087:0.0032134701277632925:-0.8820665948774574
034:20:338.0266625756211:210.39449016939687:368.72765594769027:-0.7892727752095299:0.4880114255909819:0.37268380148653546:-0.4331076752992801:-0.8726800716224329:0.22549349304485836:0.4352771375681633:0.016563670692257504:0.9001442289470458
035:20:190.36851192965008:-343.6558512412649:269.14850789235476:-0.3950504025201524:0.8934936175243634:0.21355154193712264:0.7885840689893748:0.449069195459271:-0.42008600388463463:-0.4712435766277221:0.0024481836635569143:-0.8819998340775606
036:20:197.7004307277206:-349.20533444410444:368.76839600999483:-0.406979374454319:-0.8880568319770066:0.2138286067917736:0.8031276003086669:-0.45940679638506093:-0.3793832025457114:0.4351481746911616:0.017330502730674952:0.9001921520494548
037:20:-346.3723955093642:-212.41040953078988:269.4457444548789:0.7734236407527514:0.48126266976438786:-0.41255552128769074:0.42323800277908785:-0.8765726180805276:-0.22910714739164575:-0.4718956246885658:0.0025877256737321342:-0.8816507338677161
038:20:-351.5937977559178:-219.89166997770596:369.0722875542874:0.7880502086425698:-0.4913845413785472:-0.3708341656456007:0.4361215938711476:0.8707728677779752:-0.22705199227111877:0.43448214905878196:0.01719961840852953:0.9005163111478254
039:20:-198.79850271952304:353.65699642257056:269.4014936485689:0.3945423121435107:-0.8934906034927653:-0.2145013009690639:-0.7885255967763727:-0.4490692708100609:0.42019575231019873:-0.4717669255393289:0.003354734315563532:-0.8817169672120833
040:20:-206.02315092740622:359.1941341519845:369.02992714859573:0.4074476042630764:0.8880751422189648:-0.21285893631358768:-0.8031816268250621:0.4594044981859674:0.3792715703503985:0.43461001934932936:0.016431079203777246:0.900468915500946
041:20:-103.28586680647754:390.1997520808309:269.35232394269093:0.22160983797997794:-0.9674379096304413:-0.12228240782846483:-0.853468860268817:-0.2530855960108086:0.455564094474519:-0.4716778609056065:0.0034067540284981206:-0.8817644382097526
042:20:-109.19603073136757:397.13134961327336:368.9801208792443:0.23120037349879563:0.9642950281815722:-0.12915699947427753:-0.8703912913776618:0.2643235070126343:0.4153940232205515:0.43470160823451515:0.0163778850781399:0.9004256641475139
045:20:-0.005387581481518599:402.4100425724428:269.29746374515577:-0.01930164878454278:-0.9997930113800038:0.00641984256432:-0.8816283546831005:0.020048104321058864:0.47151860701104437:-0.47154980223808424:0.0034411731508595905:-0.8818327813762384
046:20:-3.7998598626008486:410.70392451779827:368.92421903238886:-0.014650216264302239:0.999831364932089:-0.01107176368733913:-0.9003916809412459:-0.008376133327684537:0.43499973363495753:0.4348336981692998:0.016341766147919178:0.9003625955363247
047:20:105.7181469040508:383.6545678666104:269.23934357104423:-0.27291620969552177:-0.9514734131142474:0.14217948090991503:-0.8386232476326101:0.30771169747923727:0.449471531002216:-0.4714105539782542:0.0034330467447667556:-0.8819073033075003
048:20:104.48266400608051:392.7060375046501:368.8647678619236:-0.2738403494588796:0.9548791934692566:0.11496619462159624:-0.857792488596223:-0.2965443336545035:0.4198255538791679:0.43497524462822335:0.01634805322945574:0.900294026317469
049:20:198.74809846630248:348.6159924064488:269.1870682070076:-0.42848562016827185:-0.8749286145453699:0.22560992885303063:-0.7708795720316254:0.48423985482615406:0.4138315869155162:-0.4713225065801961:0.0034028042931451654:-0.8819543975512198
050:20:199.27116074350434:357.74674313164365:368.8115280077756:-0.4330438531801914:0.8804105352159075:0.19326209845469847:-0.789424230297332:-0.47392941786014153:0.39012882799908766:0.43506611768090464:0.016377116264611177:0.9002495693513978
053:20:280.12378808615097:284.10176968111773:269.1392294974833:-0.6885975643158552:-0.6262916161471016:0.36550268282720083:-0.551210883426978:0.7795820608154719:0.2973526592537062:-0.47116879096869546:0.0032872688680450186:-0.8820369820170065
054:20:284.07312432480984:292.3737577009449:368.761798897633:-0.6997830123301773:0.6352718856181037:0.3267006805155893:-0.5664659522557803:-0.7721125370075986:0.2880256066096507:0.43522427898901245:0.016490583958073013:0.9001710538282685
043:20:365.084159523349:103.77842226145654:269.0822474217032:-0.853752103888244:-0.2530831094347402:0.4550342277195814:-0.2218339689046881:0.9674397180494001:0.1218620728655702:-0.47105938162168615:0.0030979550120557495:-0.8820961323871183
044:20:372.0757483407191:109.73604874472743:368.7030421600479:-0.8701295980841609:0.2643338865839501:0.41593504189240194:-0.2309935355803793:-0.9642870409978374:0.12958612222305024:0.435334818597871:0.01667842641328507:0.9001142393326452
051:20:377.2944500149609:0.49796210021037185:269.0692460950018:-0.8819113722501577:0.020049561887901985:0.4709887025807118:0.019076744336879517:0.9997946690973827:-0.006839764275225994:-0.4710291659549157:0.002952865005631341:-0.8821127849116975
052:20:385.64820750643065:4.339854065111069:368.6891535024441:-0.9001301383493249:-0.008365702541378698:0.435540714631413:0.014857068310991699:-0.999823528449934:0.011500795779692676:0.43536770921768475:0.01682307167344535:0.9000955523367372
055:20:358.53912962754634:-105.22555286946734:269.07277612880944:-0.8389061144980873:0.3077139956783308:0.44894147587030353:0.27269217295929904:0.9514749201300464:-0.1425998629670534:-0.4710365503323309:0.0027949291612153508:-0.8821093187753598
056:20:367.6503590728869:-103.94269421722623:368.69212413198716:-0.857531096705882:-0.29653380338160784:0.4203666479018083:0.2740472815657834:-0.9548715076886816:-0.11453725083094968:0.4353602871648745:0.016981075215836687:0.9000961551430569
057:20:323.5004770081758:-198.25549478681793:269.0858546147197:-0.7711623635463126:0.4842420776744576:0.4133016071343936:0.42826156459435166:0.874929970859589:-0.22603032974786647:-0.4710633375381586:0.0026950928965981456:-0.8820953788792187
058:20:332.6911418590893:-198.73121988935338:368.7050482994796:-0.7891625370038311:-0.47391932085428806:0.3906697713201481:0.4332512185541374:-0.8804026233829626:-0.19283342781066548:0.4353342157915514:0.017081235253379463:0.9001069303060198
059:20:258.9863314420536:-279.63130014547977:269.1155416203479:-0.5514935619154804:0.7795839445852206:0.29682254760870125:0.68837339571575:0.6262926710581609:-0.3659230272089442:-0.47116551320933253:0.0025205589803222166:-0.8820412770120337
060:20:267.31807926918174:-283.53310631144996:368.73498607253674:-0.5662042966376745:-0.7721022893001652:0.2885665122553162:0.6999903023533333:-0.6352638230835789:-0.3262721228977412:0.43523136196326784:0.017257075740579587:0.9001533463926299
061:20:97.51883321411583:-395.5674481874782:269.19528566275653:-0.22211664739319045:0.967441375766779:0.12133191412632154:0.8535278599373488:0.2530839571311272:-0.45545449675053484:-0.4713326412614446:0.0023961636562833026:-0.8819523630798912
062:20:103.53630630879763:-402.5115455117641:368.8158103438701:-0.23073161623450852:-0.9642769439919839:0.1301267923974971:0.870336963458107:-0.2643253154315931:-0.41550652194994886:0.4350591477328341:0.017383675663902625:0.9002341224394577
063:20:-5.761598690584113:-407.7777386790901:269.25014586029164:0.018794052897460157:0.9997961761131817:-0.007369894169250382:0.8816869775976827:-0.020048794251729358:-0.4714088962608753:-0.47146058690278186:0.0023617448282608564:-0.8818840199134054
064:20:-1.8597768516495907:-416.084120416289:368.87171219072553:0.015118939385262636:-0.9998131300409208:0.01204141061840318:0.900337428372481:0.00837435081055975:-0.4351122323643548:0.4349301095050425:0.017419766337577115:0.9002957593856379
065:20:-111.48500688819246:-389.0223797120711:269.30826603440323:0.2724093814446118:0.9514762010934756:-0.14312993693666337:0.8386814937932424:-0.30771329868352376:-0.44936159419967703:-0.47159987283800686:0.002369871528692714:-0.8818094979821435
066:20:-110.14230162454042:-398.0862334031408:368.9311633611908:0.27430899369698175:-0.9548608832272985:-0.11399665600729275:0.8577381606766682:0.2965425252355447:-0.41993797725777526:0.4347872444072948:0.017413492206957575:0.9003649314108132
067:20:-204.5149777402464:-353.9838042519094:269.3605413984398:0.4279787354042694:0.8749311764722282:-0.22656034720438398:0.7709376674906778:-0.4842413618419531:-0.41372157476218724:-0.4716878072098801:0.002400114274653328:-0.8817624790892139
068:20:-204.93086587627204:-363.12697760973884:368.9843646357343:0.4335124597428986:-0.8803921496231594:-0.1922926540288824:0.7893697516761972:0.47392760944118273:-0.3902412137023:0.4346980667473875:0.01738441151146074:0.900408559518195
069:20:-285.89078309890823:-289.46956223677614:269.4083801079641:0.6880903781486929:0.6262937636446152:-0.3664528939638818:0.5512687528336606:-0.7795831910773211:-0.29724240221030995:-0.4718415981721707:0.002515649699753475:-0.8816798946234272
070:20:-289.73269442896196:-297.7538571504245:369.0341323254814:0.7002519202960442:-0.6352525958158761:-0.3257316316814205:0.566410795477536:0.7721112560441694:-0.2881375025327284:0.4345412240781038:0.017270932044437977:0.9004864722350047
071:20:-388.2232803649932:-103.29573354031693:269.4750842440669:0.8532445409671319:0.253085030879884:-0.45598421280389256:0.2218915557459084:-0.9674403208557197:-0.12175174989023274:-0.4719511205453649:0.002704963555742744:-0.8816206689025256
072:20:-395.1075021431648:-109.26573443171678:369.1026111233891:0.8705980539452882:-0.26431444608014265:-0.41496584235665324:0.23093826577595:0.9642852325788785:-0.1296977355806656:0.434426427149613:0.017083129619333084:0.9005453212019566
073:20:-400.43360943620957:-0.015263903708924118:269.4880855707683:0.8814034325750959:-0.020047713438835994:-0.47193857463883804:-0.01901920223519076:-0.9997949705005424:0.006950099612802431:-0.4719812231859504:0.002850053562167152:-0.8816040163779463
074:20:-408.68007704768974:-3.869629570242044:369.11646120138846:0.9005982928072924:0.008385156584781206:-0.4345714020694793:-0.014912332228640518:0.9998214186278154:-0.011612263145152521:0.43439647521060737:0.016938454925270477:0.9005625765328554
075:20:-381.6782504691905:105.70817407629916:269.48455553696067:0.8383979487706557:-0.307712074233187:-0.4498911595514548:-0.2726345861180788:-0.9514747694284665:0.14271015768584464:-0.47197380113314025:0.0030079897009221658:-0.881607557865074
076:20:-390.6823057733549:104.41292172612685:369.1135291514499:0.8579989497606897:0.29655322504771775:-0.41939714696289976:-0.27410241950633024:0.9548689457618232:0.11442589178225038:0.43440265397538336:0.016780465511152257:0.9005625765328554
077:20:-346.6396750090289:198.7380870589464:269.4714770510504:0.7706539717665111:-0.4842400808785239:-0.4142511024385701:-0.428203845889249:-0.8749296694564292:0.2261405679535652:-0.4719469009011276:0.0031078262598783946:-0.881621573112005
078:20:-355.72308855955737:199.201447398254:369.100566404353:0.7896303900586388:0.47393819622717087:-0.3897002327058446:-0.4333058478768521:0.8804001368068942:0.19272190864153754:0.4344304207414804:0.016680287813268083:0.900550972511203
079:20:-282.1255294429067:280.113873127806:269.44179004542224:0.5509848687325191:-0.7795816087107321:-0.29777191104899525:-0.6883155263090673:-0.6262920305764463:0.36603300168687813:-0.47184480058074363:0.0032823598818153:-0.8816755996284
080:20:-290.3499488104408:284.00327595094393:369.07062863129585:0.5666713961845826:0.7721216544531827:-0.28759640851008805:-0.7000452330792077:0.6352603569472411:0.3261609051317731:0.4345345555331931:0.01650443555250703:0.9005039536182734
081:20:-62.35588675409217:0.22784053828795922:461.55589404804863:0.14832706929658004:0.0009757529205165582:-0.9889378258780382:-0.00020585265532840097:0.9999995478952602:0.0009557954837995425:0.9889383533335679:6.180509654529531e-05:0.1483271917416137
082:20:63.19046969236759:0.10535867691849328:461.4882640014389:-0.14726174099055095:-0.0009757198809611987:0.9890969667464155:8.278195807313921e-05:-0.9999995478952602:-0.0009741534086794766:0.989097494201945:-6.15761099833034e-05:0.14726175040939968
083:20:0.3560483815366151:-62.60659631364344:461.51820177449605:0.0006769887308090015:-0.9999993218428904:-0.0008854321950124032:0.1477329000612677:0.0009757337884800472:-0.9890268905117607:0.9890270412133406:0.0005387522981637728:0.14773345577334362
084:20:0.47853395393248616:62.93976013281632:461.52595627499153:0.0003883325846682919:0.9999993218428904:0.0010446612915117862:-0.1478559667389557:-0.000975765577094558:0.9890085049190126:0.9890088063221724:-0.0005385233024036865:0.14785548637766976
089:20:-62.502633924538145:0.24479273295883489:189.08346388485614:0.14726174099055095:-0.0009756372452804221:-0.9890969667464155:-8.243458283714053e-05:-0.9999995478952602:0.0009741215464802101:-0.989097494201945:-6.191499997714752e-05:-0.14726175040939968
090:20:63.043722521921616:0.12231087158936894:189.01585312804863:-0.14832706929658004:0.0009752050084247835:0.9889378258780382:0.00020563637133488106:0.9999995478952602:-0.0009552739150503483:-0.9889383533335679:6.166857842707544e-05:-0.1483271917416137
091:20:0.33178636905716796:62.956711046523765:189.05352611179902:-0.0006767240464423464:-0.9999993218428904:0.0008852135747028862:-0.1477323537680406:0.0009754781550383569:0.9890270412133406:-0.9890271919149205:0.0005385233024036865:-0.14773290948011647
092:20:0.2093008343366919:-62.58960682033154:189.0457909011058:-0.0003886143774906733:0.9999993218428904:-0.001044324346914924:0.14785606092744313:-0.0009753907363484525:-0.9890085049190126:-0.9890088063221724:-0.0005387522981637728:-0.1478555805661572
001:21:-615.2590443364802:-618.7245344658658:79.65685250256173:0.19189097780534947:0.7070683034566195:-0.6806106819841762:0.19906985477868305:-0.707124816549083:-0.6784868446186085:-0.9610150836457817:-0.005294241279144461:-0.2764470723618502
002:21:-590.1214999840633:-593.6600984638912:89.16361934257792:0.19283131798854683:-0.7070686802105693:0.6803445429940682:0.20000710557949242:0.7071244397951333:0.6782114374813365:-0.9606321509312491:0.005293996389077119:0.27777473444309475
003:21:-638.069544107376:-642.171057595808:199.39777900532587:-0.19548313833930325:-0.684430138176018:-0.7023819364263878:-0.16650682252424995:0.7289646402101504:-0.6639913871033054:0.9664691245240373:-0.01284708598904053:-0.25646276190333384
004:21:-534.2188043773685:-540.0570944991588:263.29756366030324:-0.5446113975152775:0.698155359916439:-0.4647327785957943:-0.4829266789342776:-0.7140846676137256:-0.5068182292549291:-0.68569618214878:-0.051587491384579055:0.7260572299798791
008:21:-517.5118680884959:-521.762105952102:236.15582814624776:-0.5439685422508079:-0.6981556613195988:0.4654846287779285:-0.4822259542631254:0.7140843662105658:0.5074854604999479:-0.686699025812242:0.05158767505212956:-0.7251089402883418
009:21:-468.9978997474317:-478.83839945578643:347.67939534909306:0.5114443910039898:-0.7108738197523204:-0.48278577295706865:0.5006373169814081:0.7031240663566183:-0.5049540507115338:0.69841690250836:0.016555702346220152:0.7154995293966414
011:21:-381.41575484047826:-391.54714476642425:298.5261243826039:-0.7102351464566932:-0.7036910057002119:0.01962029314697375:-0.6993783785881387:0.7085102915239178:0.09425043520732507:-0.08022434718147733:0.05321795532466734:-0.9953551512550315
012:21:-382.6174709396492:-395.4839619234374:335.04407335519966:-0.7101733588089331:0.7037799196323544:-0.018643862290101898:-0.699596142371098:-0.7084227339059943:-0.09328824329504182:-0.07886211321591821:-0.05320764168529275:0.9954645606020408
010:21:-611.7058627661681:619.7605897435067:80.64504978087614:0.19833542946672514:-0.6906980429365378:-0.6954128172145811:-0.1919192343515812:-0.7231407023040237:0.6635010795130922:-0.9611609627751274:0.0018663725464746718:-0.2759827796318677
013:21:-586.0200250752359:595.2515843068718:90.13468727651427:0.19929607668781438:0.6906976661825881:0.6951385403391585:-0.19283595206212883:0.7231411544087634:-0.6632348651721942:-0.9607786328669145:-0.0018666459874272685:0.27731063009008716
014:21:-635.035952649865:642.6062355340612:200.4019868194891:-0.165835145582624:0.7129565909373646:-0.6813158900273305:0.19628472004280528:0.700922240923451:0.6856964082011499:0.9664218795787378:-0.020018411400393676:-0.2561801210902265
015:21:-531.0932005632321:540.5186994664637:262.5803881032857:-0.49332606750782765:-0.6975647604248006:-0.5196467012441395:0.5353016190398184:-0.7143449292422175:0.4507364823885236:-0.6856251263538559:-0.05580805866902926:0.7258124906141172
016:21:-512.3336749989319:524.319663670242:235.44762234726602:-0.4926077484272218:0.697564157618481:0.520328399840829:0.5346779405513915:0.7143453813469571:-0.4514752968839962:-0.6866275932633681:0.05580831768736972:-0.7248643516241599
017:21:-468.6367174905233:476.4845034695648:346.96412948249605:0.5102253659241575:0.6864186455228332:-0.5181694113317491:-0.5017709319408307:0.7269095981158082:0.4688584980733933:0.698495794785439:0.020779176522863953:0.7153125840867721
018:21:-379.15290672077055:390.9937589201207:298.5735772960836:-0.7157916644092825:0.691945098510232:0.09409665366388319:0.6937007719160975:0.7200410722085867:-0.017893344875064998:-0.08013467032258653:0.052467014061436966:-0.995402245498751
019:21:-383.0951636020119:392.12093922348447:335.09333951008875:-0.7160070923177534:-0.69185543107019:-0.09311191302770701:0.6936344632209404:-0.7201280270201905:0.016939662892621884:-0.07877229036487188:-0.05245670984091112:0.9955115041441804
005:21:609.5817083244765:609.8477532767986:80.12075295633173:-0.1948810666898948:-0.6963116767879104:0.6907759556533475:-0.20112988886285937:0.7176830445878504:0.6666911305564709:-0.9599833806297683:-0.009009930014374671:-0.2799125682178958
006:21:584.0686686818984:585.2153702651165:89.75556550353429:-0.19583545979541808:0.6963120535418601:-0.690505747720582:-0.20205086389303925:-0.7176827431846906:-0.6664128600891807:-0.9595957008154689:0.009009694543156073:0.28123876095873634
007:21:632.7444013044427:633.567690063514:199.74017299486462:0.19798118656546654:0.6733457355710207:0.7123265076317917:0.16854506139243286:-0.7392727789770693:0.6519718811950123:0.9656065086806748:-0.009019378885698955:-0.25985181438297383
020:21:527.5601189668412:532.1992392433544:262.5399566778168:0.5505538998893926:-0.6873000237128936:0.47382385140341976:0.47751223489614136:0.724842650596654:0.49657293304682953:-0.6847424672003662:-0.04713336490782601:0.7272593011319723
021:21:510.5231727414599:514.2769682549382:235.35470336993598:0.5498983856922112:0.6873003251160534:-0.4745838394708687:0.47682578919968494:-0.7248422738427042:-0.4972327045636432:-0.6857469685812072:0.04713356741307401:-0.7263123677546542
022:21:461.580507835691:471.61969250698934:346.79314467555116:-0.5176354379587591:0.7001150079107027:0.4918256072275272:-0.4957800543595669:-0.7139271091119375:0.4944794620496123:0.6973203978129885:0.012122707056624084:0.7166571435826633
023:21:372.52211436426427:385.8787206430497:298.1684335798987:0.7210472313068065:0.6925311016036834:-0.02216954694433332:0.6881458363300971:-0.7194841545200565:-0.09379832104876847:-0.08090888085163873:0.05237713469729817:-0.9953443760920684
024:21:373.82506334552534:389.79127122886064:334.68555309099867:0.7209904168111833:-0.6926212964992551:0.02117824372529483:0.688364127568586:0.7193979532163522:0.09285155721072776:-0.07954654798816782:-0.052366736288284886:0.9954546896485571
025:21:603.5601265019202:-614.710866736778:79.47375369981798:-0.20745911032870198:0.6980769197440997:0.6853097832979097:0.1886001262427135:0.7159502024713401:-0.672193998746615:-0.9598913019644478:-0.010203523613920336:-0.28018793767977285
026:21:578.239174709924:-589.8846597923136:89.1187705523989:-0.20840577997825527:-0.6980761662362002:-0.6850231488929349:0.18952886240425834:-0.7159507299268698:0.6719320040499542:-0.9595031700454086:0.01020312802227309:0.28151401739442844
027:21:628.0379981977599:-637.1286261343214:199.0824100287079:0.17497868137775302:-0.7203141434713702:0.6712152673359374:-0.19259952012095913:-0.6936039461510101:-0.6941313263298793:0.9655508244469007:-0.007817319507166652:-0.2600982114661146
028:21:523.8987216060327:-534.7581472476504:262.9939035936374:0.49214294707940714:0.7056505783436856:0.5097573998431648:-0.5377545886558933:0.7069304868617986:-0.45942243167397584:-0.6845549190841774:-0.04802246184443212:0.727377300469036
029:21:505.50184432361027:-518.2418327843902:235.80442581906874:0.4914381911409926:-0.7056502015897359:-0.5104373653716855:-0.5371190047426541:-0.7069308636157483:0.4601647876565761:-0.6855594958158083:0.048022673768528853:-0.7264305931440879
030:21:461.5678537254297:-470.4030075212898:347.2262393151638:-0.5094929939212257:-0.6944030412784437:0.5081548015670855:0.5043560668424801:-0.7194683308541667:-0.4774828857634553:0.6971670589554376:0.013016399214061121:0.7167901377269273
031:21:373.432091494546:-383.77813833968:298.12005475591207:0.7074562846740788:-0.7003499516737709:-0.09494998252238428:-0.7021014054353991:-0.7118198489201591:0.019134382981767898:-0.08098804627533134:0.05312778868564185:-0.9952981107070383
032:21:377.39992665354106:-384.95662951696903:334.6354381848115:0.7076738977554582:0.7002613391447882:0.0939766952062807:-0.70203811077184:0.7119077079412424:-0.018169158200189117:-0.0796258829511378:-0.05311737614835546:0.9954085749651069
033:21:332.66892000692326:202.94627315369655:269.1058774294319:-0.7755715150203134:-0.4778467547281302:0.4124938466661156:-0.42016704365922725:0.8784373994302426:0.22761252679756655:-0.47111393559361087:0.0032134701277632925:-0.8820665948774574
034:21:338.0266625756211:210.39449016939687:368.72765594769027:-0.7892727752095299:0.4880114255909819:0.37268380148653546:-0.4331076752992801:-0.8726800716224329:0.22549349304485836:0.4352771375681633:0.016563670692257504:0.9001442289470458
035:21:190.36851192965008:-343.6558512412649:269.14850789235476:-0.3950504025201524:0.8934936175243634:0.21355154193712264:0.7885840689893748:0.449069195459271:-0.42008600388463463:-0.4712435766277221:0.0024481836635569143:-0.8819998340775606
036:21:197.7004307277206:-349.20533444410444:368.76839600999483:-0.406979374454319:-0.8880568319770066:0.2138286067917736:0.8031276003086669:-0.45940679638506093:-0.3793832025457114:0.4351481746911616:0.017330502730674952:0.9001921520494548
037:21:-346.3723955093642:-212.41040953078988:269.4457444548789:0.7734236407527514:0.48126266976438786:-0.41255552128769074:0.42323800277908785:-0.8765726180805276:-0.22910714739164575:-0.4718956246885658:0.0025877256737321342:-0.8816507338677161
038:21:-351.5937977559178:-219.89166997770596:369.0722875542874:0.7880502086425698:-0.4913845413785472:-0.3708341656456007:0.4361215938711476:0.8707728677779752:-0.22705199227111877:0.43448214905878196:0.01719961840852953:0.9005163111478254
039:21:-198.79850271952304:353.65699642257056:269.4014936485689:0.3945423121435107:-0.8934906034927653:-0.2145013009690639:-0.7885255967763727:-0.4490692708100609:0.42019575231019873:-0.4717669255393289:0.003354734315563532:-0.8817169672120833
040:21:-206.02315092740622:359.1941341519845:369.02992714859573:0.4074476042630764:0.8880751422189648:-0.21285893631358768:-0.8031816268250621:0.4594044981859674:0.3792715703503985:0.43461001934932936:0.016431079203777246:0.900468915500946
041:21:-103.28586680647754:390.1997520808309:269.35232394269093:0.22160983797997794:-0.9674379096304413:-0.12228240782846483:-0.853468860268817:-0.2530855960108086:0.455564094474519:-0.4716778609056065:0.0034067540284981206:-0.8817644382097526
042:21:-109.19603073136757:397.13134961327336:368.9801208792443:0.23120037349879563:0.9642950281815722:-0.12915699947427753:-0.8703912913776618:0.2643235070126343:0.4153940232205515:0.43470160823451515:0.0163778850781399:0.9004256641475139
045:21:-0.005387581481518599:402.4100425724428:269.29746374515577:-0.01930164878454278:-0.9997930113800038:0.00641984256432:-0.8816283546831005:0.020048104321058864:0.47151860701104437:-0.47154980223808424:0.0034411731508595905:-0.8818327813762384
046:21:-3.7998598626008486:410.70392451779827:368.92421903238886:-0.014650216264302239:0.999831364932089:-0.01107176368733913:-0.9003916809412459:-0.008376133327684537:0.43499973363495753:0.4348336981692998:0.016341766147919178:0.9003625955363247
047:21:105.7181469040508:383.6545678666104:269.23934357104423:-0.27291620969552177:-0.9514734131142474:0.14217948090991503:-0.8386232476326101:0.30771169747923727:0.449471531002216:-0.4714105539782542:0.0034330467447667556:-0.8819073033075003
048:21:104.48266400608051:392.7060375046501:368.8647678619236:-0.2738403494588796:0.9548791934692566:0.11496619462159624:-0.857792488596223:-0.2965443336545035:0.4198255538791679:0.43497524462822335:0.01634805322945574:0.900294026317469
049:21:198.74809846630248:348.6159924064488:269.1870682070076:-0.42848562016827185:-0.8749286145453699:0.22560992885303063:-0.7708795720316254:0.48423985482615406:0.4138315869155162:-0.4713225065801961:0.0034028042931451654:-0.8819543975512198
050:21:199.27116074350434:357.74674313164365:368.8115280077756:-0.4330438531801914:0.8804105352159075:0.19326209845469847:-0.789424230297332:-0.47392941786014153:0.39012882799908766:0.43506611768090464:0.016377116264611177:0.9002495693513978
053:21:280.12378808615097:284.10176968111773:269.1392294974833:-0.6885975643158552:-0.6262916161471016:0.36550268282720083:-0.551210883426978:0.7795820608154719:0.2973526592537062:-0.47116879096869546:0.0032872688680450186:-0.8820369820170065
054:21:284.07312432480984:292.3737577009449:368.761798897633:-0.6997830123301773:0.6352718856181037:0.3267006805155893:-0.5664659522557803:-0.7721125370075986:0.2880256066096507:0.43522427898901245:0.016490583958073013:0.9001710538282685
043:21:365.084159523349:103.77842226145654:269.0822474217032:-0.853752103888244:-0.2530831094347402:0.4550342277195814:-0.2218339689046881:0.9674397180494001:0.1218620728655702:-0.47105938162168615:0.0030979550120557495:-0.8820961323871183
044:21:372.0757483407191:109.73604874472743:368.7030421600479:-0.8701295980841609:0.2643338865839501:0.41593504189240194:-0.2309935355803793:-0.9642870409978374:0.12958612222305024:0.435334818597871:0.01667842641328507:0.9001142393326452
051:21:377.2944500149609:0.49796210021037185:269.0692460950018:-0.8819113722501577:0.020049561887901985:0.4709887025807118:0.019076744336879517:0.9997946690973827:-0.006839764275225994:-0.4710291659549157:0.002952865005631341:-0.8821127849116975
052:21:385.64820750643065:4.339854065111069:368.6891535024441:-0.9001301383493249:-0.008365702541378698:0.435540714631413:0.014857068310991699:-0.999823528449934:0.011500795779692676:0.43536770921768475:0.01682307167344535:0.9000955523367372
055:21:358.53912962754634:-105.22555286946734:269.07277612880944:-0.8389061144980873:0.3077139956783308:0.44894147587030353:0.27269217295929904:0.9514749201300464:-0.1425998629670534:-0.4710365503323309:0.0027949291612153508:-0.8821093187753598
056:21:367.6503590728869:-103.94269421722623:368.69212413198716:-0.857531096705882:-0.29653380338160784:0.4203666479018083:0.2740472815657834:-0.9548715076886816:-0.11453725083094968:0.4353602871648745:0.016981075215836687:0.9000961551430569
057:21:323.5004770081758:-198.25549478681793:269.0858546147197:-0.7711623635463126:0.4842420776744576:0.4133016071343936:0.42826156459435166:0.874929970859589:-0.22603032974786647:-0.4710633375381586:0.0026950928965981456:-0.8820953788792187
058:21:332.6911418590893:-198.73121988935338:368.7050482994796:-0.7891625370038311:-0.47391932085428806:0.3906697713201481:0.4332512185541374:-0.8804026233829626:-0.19283342781066548:0.4353342157915514:0.017081235253379463:0.9001069303060198
059:21:258.9863314420536:-279.63130014547977:269.1155416203479:-0.5514935619154804:0.7795839445852206:0.29682254760870125:0.68837339571575:0.6262926710581609:-0.3659230272089442:-0.47116551320933253:0.0025205589803222166:-0.8820412770120337
060:21:267.31807926918174:-283.53310631144996:368.73498607253674:-0.5662042966376745:-0.7721022893001652:0.2885665122553162:0.6999903023533333:-0.6352638230835789:-0.3262721228977412:0.43523136196326784:0.017257075740579587:0.9001533463926299
061:21:97.51883321411583:-395.5674481874782:269.19528566275653:-0.22211664739319045:0.967441375766779:0.12133191412632154:0.8535278599373488:0.2530839571311272:-0.45545449675053484:-0.4713326412614446:0.0023961636562833026:-0.8819523630798912
062:21:103.53630630879763:-402.5115455117641:368.8158103438701:-0.23073161623450852:-0.9642769439919839:0.1301267923974971:0.870336963458107:-0.2643253154315931:-0.41550652194994886:0.4350591477328341:0.017383675663902625:0.9002341224394577
063:21:-5.761598690584113:-407.7777386790901:269.25014586029164:0.018794052897460157:0.9997961761131817:-0.007369894169250382:0.8816869775976827:-0.020048794251729358:-0.4714088962608753:-0.47146058690278186:0.0023617448282608564:-0.8818840199134054
064:21:-1.8597768516495907:-416.084120416289:368.87171219072553:0.015118939385262636:-0.9998131300409208:0.01204141061840318:0.900337428372481:0.00837435081055975:-0.4351122323643548:0.4349301095050425:0.017419766337577115:0.9002957593856379
065:21:-111.48500688819246:-389.0223797120711:269.30826603440323:0.2724093814446118:0.9514762010934756:-0.14312993693666337:0.8386814937932424:-0.30771329868352376:-0.44936159419967703:-0.47159987283800686:0.002369871528692714:-0.8818094979821435
066:21:-110.14230162454042:-398.0862334031408:368.9311633611908:0.27430899369698175:-0.9548608832272985:-0.11399665600729275:0.8577381606766682:0.2965425252355447:-0.41993797725777526:0.4347872444072948:0.017413492206957575:0.9003649314108132
067:21:-204.5149777402464:-353.9838042519094:269.3605413984398:0.4279787354042694:0.8749311764722282:-0.22656034720438398:0.7709376674906778:-0.4842413618419531:-0.41372157476218724:-0.4716878072098801:0.002400114274653328:-0.8817624790892139
068:21:-204.93086587627204:-363.12697760973884:368.9843646357343:0.4335124597428986:-0.8803921496231594:-0.1922926540288824:0.7893697516761972:0.47392760944118273:-0.3902412137023:0.4346980667473875:0.01738441151146074:0.900408559518195
069:21:-285.89078309890823:-289.46956223677614:269.4083801079641:0.6880903781486929:0.6262937636446152:-0.3664528939638818:0.5512687528336606:-0.7795831910773211:-0.29724240221030995:-0.4718415981721707:0.002515649699753475:-0.8816798946234272
070:21:-289.73269442896196:-297.7538571504245:369.0341323254814:0.7002519202960442:-0.6352525958158761:-0.3257316316814205:0.566410795477536:0.7721112560441694:-0.2881375025327284:0.4345412240781038:0.017270932044437977:0.9004864722350047
071:21:-388.2232803649932:-103.29573354031693:269.4750842440669:0.8532445409671319:0.253085030879884:-0.45598421280389256:0.2218915557459084:-0.9674403208557197:-0.12175174989023274:-0.4719511205453649:0.002704963555742744:-0.8816206689025256
072:21:-395.1075021431648:-109.26573443171678:369.1026111233891:0.8705980539452882:-0.26431444608014265:-0.41496584235665324:0.23093826577595:0.9642852325788785:-0.1296977355806656:0.434426427149613:0.017083129619333084:0.9005453212019566
073:21:-400.43360943620957:-0.015263903708924118:269.4880855707683:0.8814034325750959:-0.020047713438835994:-0.47193857463883804:-0.01901920223519076:-0.9997949705005424:0.006950099612802431:-0.4719812231859504:0.002850053562167152:-0.8816040163779463
074:21:-408.68007704768974:-3.869629570242044:369.11646120138846:0.9005982928072924:0.008385156584781206:-0.4345714020694793:-0.014912332228640518:0.9998214186278154:-0.011612263145152521:0.43439647521060737:0.016938454925270477:0.9005625765328554
075:21:-381.6782504691905:105.70817407629916:269.48455553696067:0.8383979487706557:-0.307712074233187:-0.4498911595514548:-0.2726345861180788:-0.9514747694284665:0.14271015768584464:-0.47197380113314025:0.0030079897009221658:-0.881607557865074
076:21:-390.6823057733549:104.41292172612685:369.1135291514499:0.8579989497606897:0.29655322504771775:-0.41939714696289976:-0.27410241950633024:0.9548689457618232:0.11442589178225038:0.43440265397538336:0.016780465511152257:0.9005625765328554
