001:20:-615.2590443364802:-618.7245344658658:79.65685250256173:0.19189097780534947:0.7070683034566195:-0.6806106819841762:0.19906985477868305:-0.707124816549083:-0.6784868446186085:-0.9610150836457817:-0.005294241279144461:-0.2764470723618502
002:20:-590.1214999840633:-593.6600984638912:89.16361934257792:0.19283131798854683:-0.7070686802105693:0.6803445429940682:0.20000710557949242:0.7071244397951333:0.6782114374813365:-0.9606321509312491:0.005293996389077119:0.27777473444309475
003:20:-638.069544107376:-642.171057595808:199.39777900532587:-0.19548313833930325:-0.684430138176018:-0.7023819364263878:-0.16650682252424995:0.7289646402101504:-0.6639913871033054:0.9664691245240373:-0.01284708598904053:-0.25646276190333384
004:20:-534.2188043773685:-540.0570944991588:263.29756366030324:-0.5446113975152775:0.698155359916439:-0.4647327785957943:-0.4829266789342776:-0.7140846676137256:-0.5068182292549291:-0.68569618214878:-0.051587491384579055:0.7260572299798791
008:20:-517.5118680884959:-521.762105952102:236.15582814624776:-0.5439685422508079:-0.6981556613195988:0.4654846287779285:-0.4822259542631254:0.7140843662105658:0.5074854604999479:-0.686699025812242:0.05158767505212956:-0.7251089402883418
009:20:-468.9978997474317:-478.83839945578643:347.67939534909306:0.5114443910039898:-0.7108738197523204:-0.48278577295706865:0.5006373169814081:0.7031240663566183:-0.5049540507115338:0.69841690250836:0.016555702346220152:0.7154995293966414
011:20:-381.41575484047826:-391.54714476642425:298.5261243826039:-0.7102351464566932:-0.7036910057002119:0.01962029314697375:-0.6993783785881387:0.7085102915239178:0.09425043520732507:-0.08022434718147733:0.05321795532466734:-0.9953551512550315
012:20:-382.6174709396492:-395.4839619234374:335.04407335519966:-0.7101733588089331:0.7037799196323544:-0.018643862290101898:-0.699596142371098:-0.7084227339059943:-0.09328824329504182:-0.07886211321591821:-0.05320764168529275:0.9954645606020408
010:20:-611.7058627661681:619.7605897435067:80.64504978087614:0.19833542946672514:-0.6906980429365378:-0.6954128172145811:-0.1919192343515812:-0.7231407023040237:0.6635010795130922:-0.9611609627751274:0.0018663725464746718:-0.2759827796318677
013:20:-586.0200250752359:595.2515843068718:90.13468727651427:0.19929607668781438:0.6906976661825881:0.6951385403391585:-0.19283595206212883:0.7231411544087634:-0.6632348651721942:-0.9607786328669145:-0.0018666459874272685:0.27731063009008716
014:20:-635.035952649865:642.6062355340612:200.4019868194891:-0.165835145582624:0.7129565909373646:-0.6813158900273305:0.19628472004280528:0.700922240923451:0.6856964082011499:0.9664218795787378:-0.020018411400393676:-0.2561801210902265
015:20:-531.0932005632321:540.5186994664637:262.5803881032857:-0.49332606750782765:-0.6975647604248006:-0.5196467012441395:0.5353016190398184:-0.7143449292422175:0.4507364823885236:-0.6856251263538559:-0.05580805866902926:0.7258124906141172
016:20:-512.3336749989319:524.319663670242:235.44762234726602:-0.4926077484272218:0.697564157618481:0.520328399840829:0.5346779405513915:0.7143453813469571:-0.4514752968839962:-0.6866275932633681:0.05580831768736972:-0.7248643516241599
017:20:-468.6367174905233:476.4845034695648:346.96412948249605:0.5102253659241575:0.6864186455228332:-0.5181694113317491:-0.5017709319408307:0.7269095981158082:0.4688584980733933:0.698495794785439:0.020779176522863953:0.7153125840867721
018:20:-379.15290672077055:390.9937589201207:298.5735772960836:-0.7157916644092825:0.691945098510232:0.09409665366388319:0.6937007719160975:0.7200410722085867:-0.017893344875064998:-0.08013467032258653:0.052467014061436966:-0.995402245498751
019:20:-383.0951636020119:392.12093922348447:335.09333951008875:-0.7160070923177534:-0.69185543107019:-0.09311191302770701:0.6936344632209404:-0.7201280270201905:0.016939662892621884:-0.07877229036487188:-0.05245670984091112:0.9955115041441804
005:20:609.5817083244765:609.8477532767986:80.12075295633173:-0.1948810666898948:-0.6963116767879104:0.6907759556533475:-0.20112988886285937:0.7176830445878504:0.6666911305564709:-0.9599833806297683:-0.009009930014374671:-0.2799125682178958
006:20:584.0686686818984:585.2153702651165:89.75556550353429:-0.19583545979541808:0.6963120535418601:-0.690505747720582:-0.20205086389303925:-0.7176827431846906:-0.6664128600891807:-0.9595957008154689:0.009009694543156073:0.28123876095873634
007:20:632.7444013044427:633.567690063514:199.74017299486462:0.19798118656546654:0.6733457355710207:0.7123265076317917:0.16854506139243286:-0.7392727789770693:0.6519718811950123:0.9656065086806748:-0.009019378885698955:-0.25985181438297383
020:20:527.5601189668412:532.1992392433544:262.5399566778168:0.5505538998893926:-0.6873000237128936:0.47382385140341976:0.47751223489614136:0.724842650596654:0.49657293304682953:-0.6847424672003662:-0.04713336490782601:0.7272593011319723
021:20:510.5231727414599:514.2769682549382:235.35470336993598:0.5498983856922112:0.6873003251160534:-0.4745838394708687:0.47682578919968494:-0.7248422738427042:-0.4972327045636432:-0.6857469685812072:0.04713356741307401:-0.7263123677546542
022:20:461.580507835691:471.61969250698934:346.79314467555116:-0.5176354379587591:0.7001150079107027:0.4918256072275272:-0.4957800543595669:-0.7139271091119375:0.4944794620496123:0.6973203978129885:0.012122707056624084:0.7166571435826633
023:20:372.52211436426427:385.8787206430497:298.1684335798987:0.7210472313068065:0.6925311016036834:-0.02216954694433332:0.6881458363300971:-0.7194841545200565:-0.09379832104876847:-0.08090888085163873:0.05237713469729817:-0.9953443760920684
024:20:373.82506334552534:389.79127122886064:334.68555309099867:0.7209904168111833:-0.6926212964992551:0.02117824372529483:0.688364127568586:0.7193979532163522:0.09285155721072776:-0.07954654798816782:-0.052366736288284886:0.9954546896485571
025:20:603.5601265019202:-614.710866736778:79.47375369981798:-0.20745911032870198:0.6980769197440997:0.6853097832979097:0.1886001262427135:0.7159502024713401:-0.672193998746615:-0.9598913019644478:-0.010203523613920336:-0.28018793767977285
026:20:578.239174709924:-589.8846597923136:89.1187705523989:-0.20840577997825527:-0.6980761662362002:-0.6850231488929349:0.18952886240425834:-0.7159507299268698:0.6719320040499542:-0.9595031700454086:0.01020312802227309:0.28151401739442844
027:20:628.0379981977599:-637.1286261343214:199.0824100287079:0.17497868137775302:-0.7203141434713702:0.6712152673359374:-0.19259952012095913:-0.6936039461510101:-0.6941313263298793:0.9655508244469007:-0.007817319507166652:-0.2600982114661146
028:20:523.8987216060327:-534.7581472476504:262.9939035936374:0.49214294707940714:0.7056505783436856:0.5097573998431648:-0.5377545886558933:0.7069304868617986:-0.45942243167397584:-0.6845549190841774:-0.04802246184443212:0.727377300469036
029:20:505.50184432361027:-518.2418327843902:235.80442581906874:0.4914381911409926:-0.7056502015897359:-0.5104373653716855:-0.5371190047426541:-0.7069308636157483:0.4601647876565761:-0.6855594958158083:0.048022673768528853:-0.7264305931440879
030:20:461.5678537254297:-470.4030075212898:347.2262393151638:-0.5094929939212257:-0.6944030412784437:0.5081548015670855:0.5043560668424801:-0.7194683308541667:-0.4774828857634553:0.6971670589554376:0.013016399214061121:0.7167901377269273
031:20:373.432091494546:-383.77813833968:298.12005475591207:0.7074562846740788:-0.7003499516737709:-0.09494998252238428:-0.7021014054353991:-0.7118198489201591:0.019134382981767898:-0.08098804627533134:0.05312778868564185:-0.9952981107070383
032:20:377.39992665354106:-384.95662951696903:334.6354381848115:0.7076738977554582:0.7002613391447882:0.0939766952062807:-0.70203811077184:0.7119077079412424:-0.018169158200189117:-0.0796258829511378:-0.05311737614835546:0.9954085749651069
033:20:332.1081268765643:202.89924461586583:268.45228106055634:-0.7764546262785428:-0.47783710982701644:0.41084038660681904:-0.42023666778914226:0.8784395092523611:0.2274758027891999:-0.46959475064200756:0.003974439227176679:-0.8828731497330962
034:20:337.6525947308248:210.36271986512813:368.0626593056982:-0.7884568015051471:0.48803892862931414:0.3743711694013101:-0.43303820187094505:-0.8726792427637434:0.22563031124171246:0.43682228086690483:0.015782729218421672:0.8994093326926507
035:20:189.80631064372858:-343.7023782442377:268.8455229687669:-0.39593065044836356:0.8934980632209705:0.21189651834893458:0.7885130885452407:0.4490665205062277:-0.42022201206049675:-0.470623138223263:0.0007044050862988829:-0.8823340901817845
036:20:197.32495472736161:-349.2366225033175:368.4523133106944:-0.40616046206912815:-0.8880242804357475:0.2155144676907492:0.803195717422783:-0.4594011074004196:-0.3792458380556301:0.43578703636376376:0.019065640691566535:0.8998478742901673
037:20:-346.9326871048652:-212.45506542294663:270.12877706195366:0.7725390978295129:0.48126398840321205:-0.4142081901636928:0.4231629533922963:-0.8765738236931667:-0.22924100806999426:-0.47340945973408255:0.0018200562407935464:-0.8808406375249496
038:20:-351.9673254862518:-219.92102905669628:369.7660260015985:0.7888646753311536:-0.49134878742871535:-0.36914615724911143:0.43618556669181624:0.8707771627730025:-0.22691257447201135:0.4329372318124103:0.017987116578447218:0.9012445765327047
039:20:-199.3573861594614:353.61181970575365:269.721029222468:0.39365479286406924:-0.8934841986756195:-0.21615240631617447:-0.788599289848945:-0.44906569164753823:0.4200612511501356:-0.47238465131534974:0.005098496998514309:-0.8813777379557225
040:20:-206.39525121237537:359.1642735381363:369.3619432245361:0.4082590569200621:0.8881058853412649:-0.21116942090129942:-0.8031163730409643:0.45940400840583273:0.37941044185627876:0.4339686711006588:0.014695847054398222:0.9008080694065168
041:20:-103.8448756301304:390.1542281475739:269.48721752966804:0.22072263894139374:-0.967430600603816:-0.12393368271485279:-0.8535420258858597:-0.25308177195821857:0.4554292542359012:-0.4719614436035882:0.005259066588510316:-0.8816034889224167
042:20:-109.5682467551501:397.10114178298505:369.12483297555525:0.23201212755894107:0.9643248670943929:-0.1274676159258717:-0.8703254347872444:0.2643227346670373:0.41553259332327197:0.4344009209072145:0.01452970444933605:0.9006023617499498
045:20:-0.564644987390422:402.36417142274576:269.2368744763591:-0.020188296820475463:-0.9997847981438991:0.004768276282299022:-0.8817006160906639:0.020052034335697265:0.4713833523430818:-0.4713774749814656:0.005312234223635568:-0.881915516543605
046:20:-4.172331777666041:410.6733308914654:368.86928167564486:-0.013837886477027314:0.9998602996354303:-0.009382632093137193:-0.900324920141349:-0.008377028118315208:0.43513788930833325:0.43499849034692334:0.014468806882782277:0.9003149738370755
047:20:105.15853045162777:383.60834950047325:268.983464344496:-0.2738020147444919:-0.9514643710194532:0.14052747135332505:-0.8386946801814839:0.30771546501873487:0.4493357865541187:-0.4707694317819535:0.005169399737146304:-0.8822411073069846
048:20:104.1098307086267:392.6750966618771:368.60960235805777:-0.27302718257142256:0.9549072239631184:0.11665492826943875:-0.8577248989376367:-0.29654506832470556:0.4199632951231989:0.4356193808561221:0.014603567061185822:0.9000125157662109
049:20:198.18811550763715:348.56942682387154:268.7621717333417:-0.4293707658978299:-0.8749193463982059:0.22395758021788584:-0.7709504771249696:0.4842433586378868:0.4136955410642591:-0.47040017523579714:0.004968590470604112:-0.8824392045337666
050:20:198.8979609398082:357.7154550724306:368.38406599041343:-0.4322300269733223:0.8804382643066097:0.19495052128053242:-0.789356037832426:-0.47392986996488123:0.3902662678399588:0.43599816927720736:0.014799436730239876:0.8998257965087115
053:20:279.56338075183663:284.05493404130925:268.5716849363448:-0.689481353731194:-0.6262818958951979:0.3638495241710641:-0.5512808089600528:0.7795846980931201:0.2972161047846169:-0.46979254646562973:0.004341668366140941:-0.8827661516113653
054:20:283.6994808556625:292.34216100489624:368.1853810274698:-0.6989676414321141:0.6352993133056459:0.3283884628597087:-0.566396780230605:-0.7721121602536488:0.28816259434578223:0.43662214916879416:0.015418169145720214:0.8995127893272539
043:20:364.52294201734105:103.73127798481245:268.3831078297684:-0.8546343862877838:-0.2530738601252737:0.4533802778801502:-0.2219033104691408:0.9674410743636193:0.12172520757447239:-0.46942408110276784:0.003423944310472833:-0.8829662079586861
044:20:371.70125612027374:109.70415305674419:367.9897052736737:-0.8693127955210888:0.26436167218774465:0.4176220330532268:-0.23092379842427935:-0.9642854586312484:0.12972279913717316:0.4370005231605346:0.016330828509815307:0.8993129590323029
051:20:376.73284671290844:0.45077400708191934:268.363065725254:-0.8827927504402181:0.020058175425078296:0.46933430063654086:0.019007486364709426:0.9997950458513324:-0.006976687845450406:-0.4693780417701076:0.002761895198297283:-0.8829929574891188
052:20:385.27336806954514:4.307919797523385:367.96655751100064:-0.8993123562259834:-0.00833726585966473:0.4372272913628931:0.014926918493276563:-0.9998209665230757:0.011637393810957377:0.4370519500746764:0.01699210939714018:0.899275660391277
055:20:357.9772562682627:-105.27266821140809:268.41796450239354:-0.8397868145310382:0.3077216814589058:0.44728669717218283:0.2726227748817539:0.9514743173237268:-0.14273671883930247:-0.4695049325003856:0.0020721365689646974:-0.8829274023018612
056:20:367.2752109991658:-103.97457061540723:368.0198359447531:-0.8567125610746409:-0.2965044542489218:0.4220528102039437:0.27411698104648835:-0.954867890850764:-0.11440060217337297:0.4369248709674235:0.01768339638185098:0.8993241109492157
057:20:322.9383914610676:-198.30250403484644:268.51099921853694:-0.7720427621761037:0.48424900994713316:0.41164667773469305:0.42819194046443665:0.8749287652469497:-0.2261670537562331:-0.4696825719876958:0.0016531362863709785:-0.8828338919715316
058:20:332.3158394669504:-198.7629709038199:368.1128513710943:-0.7883436999694302:-0.4738892182137025:0.3923557829207036:0.43332069198247253:-0.8803984037387254:-0.19269666612690384:0.43674625191984395:0.018104646150429865:0.8994025511215551
059:20:258.42414944593435:-279.6780586260793:268.67409449637074:-0.5523736968175066:0.7795892944913072:0.29516746750742073:0.6883029427271455:0.6262904105344624:-0.3660592991125711:-0.4702364379692329:0.0009631192273759818:-0.8825399485399316
060:20:266.942622558625:-283.564645138092:368.2783578742065:-0.5653853089016937:-0.7720705666175958:0.29025235431659435:0.7000589469229789:-0.6352586238790723:-0.32613502213542483:0.4361845494561519:0.018801831689166538:0.8996607782787182
061:20:96.95673802210656:-395.6136279740109:269.07431931298765:-0.222997140211469:0.9674449172539068:0.11967704123971339:0.853456352037685:0.25308103728801656:-0.4555901658478422:-0.47104634593502454:0.0005438344661162944:-0.8821083392150905
062:20:103.16090746764758:-402.54248635453706:368.6844082110961:-0.22991296757708254:-0.9642434882412455:0.13181278516035513:0.8704044777659034:-0.2643193438814895:-0.4153688560567078:0.43535734848406643:0.019231762104219032:0.9000523009833052
063:20:-6.323458185322404:-407.8236098287872:269.3246623662966:0.01791299965768136:0.99979881339083:-0.009024468596088948:0.8816145654885394:-0.02005183183044927:-0.4715441509288379:-0.4716302015309623:0.000490667419669088:-0.881796311593902
064:20:-2.2349252267738535:-416.1146754630174:368.93999809061097:0.015937008783490882:-0.9997787700807029:0.013727665931669944:0.9004040384707979:0.008380424790643482:-0.43497415204176904:0.4347628307513506:0.019292630236870483:0.9003382572311704
065:20:-112.0465233861349:-389.0678650657236:269.57807249815977:0.27152749463671916:0.9514780095124344:-0.14478407515306949:0.8386082528254097:-0.3077161620135419:-0.44949635908750496:-0.47223828240586935:0.0006335029363449336:-0.8814707208305225
066:20:-110.51709283692033:-398.11644123342916:369.1996388285936:0.2751262295270962:-0.9548256190576012:-0.11231001334387139:0.8578039419162957:0.29654845911025335:-0.41979948250584476:0.43414062160332767:0.019157883009383963:0.9006413181083546
067:20:-205.0761180870454:-354.0289423891219:269.799365109314:0.4270961516015697:0.8749327588388172:-0.22821412750453782:0.7708638990673155:-0.4842439614442064:-0.41385603824685535:-0.4726074259258408:0.0008343130859041956:-0.8812726989545304
068:20:-205.3052809375085:-363.1568768031915:369.42517519623794:0.43432899857820595:-0.8803565840503024:-0.1906057005434525:0.789434930109505:0.4739332607504291:-0.3901024175472097:0.4337635285750163:0.01896199567998851:0.9008272085071645
069:20:-286.4514990700582:-289.5144303167574:269.98985190631095:0.6872064380317741:0.6262949692572545:-0.36810590191843867:0.5511940048500289:-0.77958492414549:-0.2973764324279358:-0.4732151300467981:0.0014612359262149242:-0.8809457518769317
070:20:-290.1066851145494:-297.78344770704155:369.62386015918156:0.7010669897909475:-0.6352167288398594:-0.324044000038881:0.5664750697013645:0.7721160031439364:-0.28799825427289844:0.4331408673222537:0.01834325031359115:0.9011396128823026
071:20:-388.78314758484515:-103.34025440385808:270.2198056386654:0.8523590938344141:0.25308666975956545:-0.45763642957515493:0.22181626146904956:-0.9674407729604595:-0.12188545044815259:-0.47358370843584496:0.0023789601290525445:-0.880745620178821
072:20:-395.48056691824536:-109.29494883719038:369.8609704081624:0.8714116917751825:-0.26427897469577305:-0.41327741953081926:0.23100193719345885:0.9642887740660062:-0.12955817649882706:0.432758236010881:0.01743063097960322:0.9013414776485822
073:20:-400.993090860017:-0.059741958582534095:270.2398477431798:0.8805170812328986:-0.020045452915137454:-0.47359033930536065:-0.019094604828810164:-0.9997944430450129:0.006816461454755505:-0.4736296347423203:0.0030410095355671175:-0.8807188706483883
074:20:-409.05279460633017:-3.898796052613237:369.884079591231:0.9014109510769173:0.00842000750248978:-0.4328825648143006:-0.014848756176975194:0.9998239805546737:-0.01147263224459228:0.4327097477775473:0.016769321835732112:0.901377344624599
075:20:-382.23738467655784:105.66363392295578:270.1849489660402:0.8375109192713488:-0.3077088718246141:-0.4515425474640277:-0.2727098238818451:-0.9514732624126675:0.14257644770907602:-0.47350270633664726:0.003730768312069215:-0.8807845011864358
076:20:-391.0547146951597:104.38368803085102:369.83080115747856:0.858810854522415:0.2965871329031959:-0.4177078952783763:-0.2740387104134264:0.9548704527776223:0.11456547912063518:0.432835583596766:0.01607804897929443:0.9013294968729799
077:20:-347.19865489797843:198.69341187698743:270.09191424989683:0.7697666408640444:-0.48423608728665646:-0.4159023396495631:-0.42827889527604046:-0.8749275596343106:0.22600670727521674:-0.47332495382315215:0.004149768447493422:-0.8808780868675554
078:20:-356.09526600373545:199.1720883192637:369.73778573113736:0.7904419934172043:0.47397138825014445:-0.38801083031974126:-0.43324187505618345:0.8804010410163736:0.1928613829537374:0.4330158980371195:0.01565678155037415:0.9012502278419511
079:20:-282.6844128828451:280.06898575802256:269.928818972063:0.5500972741022876:-0.7795761081030658:-0.2994229598830134:-0.6883897468371695:-0.6262888658432684:0.3658987642545799:-0.472771163192405:0.004839784770640861:-0.8811719549483655
080:20:-290.72206838521225:283.9736853943269:369.5723178076296:0.5674827734907784:0.7721532264341723:-0.28590687426010236:-0.6999805067506396:0.6352602815964512:0.32630004036541815:0.4335788814642407:0.014959583060720455:0.9009913978784684
081:20:-62.35588675409217:0.22784053828795922:461.55589404804863:0.14832706929658004:0.0009757529205165582:-0.9889378258780382:-0.00020585265532840097:0.9999995478952602:0.0009557954837995425:0.9889383533335679:6.180509654529531e-05:0.1483271917416137
082:20:63.19046969236759:0.10535867691849328:461.4882640014389:-0.14726174099055095:-0.0009757198809611987:0.9890969667464155:8.278195807313921e-05:-0.9999995478952602:-0.0009741534086794766:0.989097494201945:-6.15761099833034e-05:0.14726175040939968
083:20:0.3560483815366151:-62.60659631364344:461.51820177449605:0.0006769887308090015:-0.9999993218428904:-0.0008854321950124032:0.1477329000612677:0.0009757337884800472:-0.9890268905117607:0.9890270412133406:0.0005387522981637728:0.14773345577334362
084:20:0.47853395393248616:62.93976013281632:461.52595627499153:0.0003883325846682919:0.9999993218428904:0.0010446612915117862:-0.1478559667389557:-0.000975765577094558:0.9890085049190126:0.9890088063221724:-0.0005385233024036865:0.14785548637766976
089:20:-62.502633924538145:0.24479273295883489:189.08346388485614:0.14726174099055095:-0.0009756372452804221:-0.9890969667464155:-8.243458283714053e-05:-0.9999995478952602:0.0009741215464802101:-0.989097494201945:-6.191499997714752e-05:-0.14726175040939968
090:20:63.043722521921616:0.12231087158936894:189.01585312804863:-0.14832706929658004:0.0009752050084247835:0.9889378258780382:0.00020563637133488106:0.9999995478952602:-0.0009552739150503483:-0.9889383533335679:6.166857842707544e-05:-0.1483271917416137
091:20:0.33178636905716796:62.956711046523765:189.05352611179902:-0.0006767240464423464:-0.9999993218428904:0.0008852135747028862:-0.1477323537680406:0.0009754781550383569:0.9890270412133406:-0.9890271919149205:0.0005385233024036865:-0.14773290948011647
092:20:0.2093008343366919:-62.58960682033154:189.0457909011058:-0.0003886143774906733:0.9999993218428904:-0.001044324346914924:0.14785606092744313:-0.0009753907363484525:-0.9890085049190126:-0.9890088063221724:-0.0005387522981637728:-0.1478555805661572
001:21:-614.9910318243308:-618.8605275715698:79.3375098266849:0.1969277071711573:0.7071194666429965:-0.6791173800289212:0.20521783875699529:-0.7070673992471401:-0.6767128609707849:-0.9587003827292674:-0.00610415866378485:-0.2843549682279627
002:21:-589.904952664257:-593.8571630834477:89.13640143163487:0.197865975207631:-0.7071197680461563:0.6788443087661375:0.20615264065713124:0.7070670224931903:0.6764290145450383:-0.9583065241501919:0.006103904354868765:0.2856794090629368
003:21:-638.4291831801063:-643.073087327572:198.80454042762025:-0.2005500080210916:-0.6843872635765358:-0.7009940502262747:-0.17269040975081418:0.7290232631247324:-0.6623458765523487:0.9643437801426707:-0.01177786534376801:-0.2643929616032719
004:21:-534.0528734986073:-540.3835551120576:262.6839743412476:-0.5460506729541376:0.6982817231911873:-0.4628505158628106:-0.4843361531357118:-0.7139346441909326:-0.5056832956566825:-0.6835541852428341:-0.051953762155683626:0.7280482992535525
008:21:-517.416074930634:-522.1311584483193:235.4705193425101:-0.5454104172919212:-0.6982820245943472:0.46360436284087847:-0.48363693548035863:0.7139343427877728:0.50635248602224:-0.6845596661839444:0.05195394582323413:-0.7271030235936133
009:21:-468.6555057578929:-478.99202344072654:346.8032525319184:0.5129074019416844:-0.7110784724978282:-0.48092890344029854:0.5020579430997552:0.7029072067831383:-0.5038442466017359:0.6963210956366542:0.016971508020225057:0.7175297057302995
011:21:-381.2110900388441:-391.72974203431005:297.6581218619693:-0.7098989312319304:-0.7040327215326411:0.019532348178895736:-0.6997237112584855:0.7081688770946484:0.09425266747447737:-0.08018915836257007:0.05324262328952765:-0.9953566582708305
012:21:-382.4093725532186:-395.6668678281589:334.17618657337835:-0.7098370682333803:0.7041216354647837:-0.018556378845612335:-0.6999413243398649:-0.7080813194767249:-0.09329000461975694:-0.07882692439701096:-0.05323230965015306:0.9954659922670498
010:21:-611.8687458561775:619.3999090214562:80.32626650926389:0.2047134782444562:-0.6905911201655969:-0.6936684464272084:-0.19775368369290605:-0.7232432547291474:0.6616737475059831:-0.958637540170448:0.001720936250189413:-0.2846247240559884
013:21:-586.2426679725461:594.9540583973143:90.13516952156995:0.20567169540256952:0.6905907434116472:0.6933854288601513:-0.19866785831429282:0.7232437068338872:-0.6613994706305603:-0.9582433048374227:-0.0017212188156517305:0.28594910837787
014:21:-635.9933826936265:642.9727031967799:199.78448167058127:-0.1722493250641367:0.7129723392524644:-0.6797059450492308:0.20215722153305551:0.7009183226823736:0.6839922747356111:0.964086381844197:-0.01958927452334786:-0.26486535454317417
015:21:-531.4264897661194:540.3565108093345:261.9423586048078:-0.49490809501825034:-0.697341345332595:-0.5184410886049186:0.5364832324524399:-0.7145540276843323:0.44899659497315286:-0.6835582541854915:-0.055923241770318585:0.727750362230085
016:21:-512.7124109758673:524.2222115893885:234.73982163413106:-0.49419139597962847:0.6973407425262754:0.5191249346991217:0.5358619651892914:0.714554555139862:-0.4497370671860044:-0.684563358372652:0.055923510207507784:-0.7268050865701459
017:21:-468.77622134023284:476.1776412957292:346.07216902749485:0.5118168499587191:0.6861211606041053:-0.5169925450188946:-0.502971194673965:0.7271856080593999:0.4671408768164532:0.6964650909962512:0.020942127315558032:0.7172849663645376
018:21:-379.3282124434144:390.81204898313734:297.69978783478075:-0.7161318732259128:0.6915977313685565:0.09406316023774983:0.6933523498633627:0.7203772874333494:-0.017854913617477645:-0.08010938071370911:0.05243244217712243:-0.9954060883890385
019:21:-383.26950483454436:391.937608943114:334.2197043672037:-0.7163472257835936:-0.6915079885777244:-0.09307794865913646:0.6932860411682055:-0.7204641668941633:0.01690171199632047:-0.07874699133714573:-0.05242214266602096:0.995515271683678
005:21:609.3665498704305:610.0781120949998:79.83030640419173:-0.19978777826764163:-0.6964326901565722:0.6892505542615732:-0.2068589789621348:0.7175563799099423:0.6650723695359468:-0.9577547303153785:-0.00970413684219608:-0.2874228379654352
006:21:583.9062485471426:585.501283713733:89.74256417683293:-0.2007400427133488:0.6964330669105219:-0.6889734894069223:-0.20777769346861613:-0.7175560785067825:-0.6647861872357118:-0.9573566520920657:0.00970389195212874:0.28874596016158527
007:21:633.1408838994275:634.5118487233428:199.1857454992408:0.20292054387295977:0.6733769307980606:0.7109056177856798:0.17430845493883362:-0.7392551468922207:0.6504748117002597:0.9635558369321499:-0.008078037949822552:-0.26738583846704544
020:21:527.4299128018054:532.5455297729432:261.8973747860132:0.5520364266816846:-0.6874699397442338:0.4718481160155015:0.4791674280236068:0.7246711521987248:0.4952267158335594:-0.6823885838730773:-0.04728891719483175:0.7294584139367013
021:21:510.4666150413288:514.6738366459675:234.63289826038385:0.5513836251129414:0.6874703164981836:-0.4726101385542791:0.4784828284215042:-0.7246708507955649:-0.4958888609002566:-0.6833960239347263:0.047289138537777234:-0.7285147206433511
022:21:461.26863031327616:471.76301573753994:345.86140864835676:-0.5191415872237009:0.7003662274444004:0.4898765083438567:-0.4974487352784336:-0.7136768691385091:0.4931625939690283:0.6950084095249125:0.012332741496832894:0.7188958909029066
023:21:372.34923915670106:386.06197376421125:297.26281594492036:0.7207096597678246:0.6928826883895961:-0.022166186770043932:0.6884950872415213:-0.7191472611381843:-0.09381632046871809:-0.0809444558433445:0.05235301302566501:-0.9953427183746895
024:21:373.6518409215221:389.97541168092465:333.7798582968114:0.7206527699214114:-0.6929728079343779:0.02117535213873045:0.6887134538308003:0.71906105983448:0.09286908568824018:-0.07958212297987358:-0.052342609907227354:0.9954531072819681
025:21:603.723048171534:-614.3869523777732:79.12175338876992:-0.21412132577303694:0.6979199640486311:0.6834178003130222:0.19415670070839539:0.7160933689722476:-0.6704570876874474:-0.9573170929273412:-0.010869210167745174:-0.28883675786347657
026:21:578.467141592649:-589.6208138774454:89.08636368465665:-0.21506537698263942:-0.6979192105407316:-0.6831218977608835:0.1950830256446618:-0.7160940471293572:0.6701874072102116:-0.9569169802326998:0.01086881457609793:0.290159277253307
027:21:629.0309986368288:-637.497292834494:198.42547652404696:0.18168128484550186:-0.72028362640144:0.6694649438361584:-0.19819343090306188:-0.6936456904886431:-0.6925128667125151:0.963178028071334:-0.006866743390096842:-0.26877798198679087
028:21:524.2571261314204:-534.6002023470113:262.34418447500957:0.4937385377320211:0.7054387672731325:0.5085061246252335:-0.5390415801482618:0.7071318241725485:-0.4576005249237431:-0.6823902415904562:-0.04817053556553518:0.7293987361110599
029:21:505.9072773868286:-518.1516336691743:235.08188769703196:0.49303555253717035:-0.7054383905191828:-0.5091883130020576:-0.5384085581618808:-0.7071322009264982:0.45834468932530226:-0.6833976063013153:0.04817074278020755:-0.7284550428177097
030:21:461.7306596562301:-470.08742635684735:346.31059098302717:-0.5110992090352228:-0.6941160301195192:0.5069324610524953:0.5056633276973455:-0.7197416281693202:-0.47568494056442717:0.6950411871185413:0.013214568259564784:0.7188480431512876
031:21:373.63289833573464:-383.5942293652427:297.2200118737775:0.7077937808622707:-0.7000020570765657:-0.09500145653076976:-0.7017584086395408:-0.7121593042288897:0.019081015784784883:-0.08101293087371275:0.05316264784484308:-0.9952941924659608
032:21:377.6028553729747:-384.7705215050778:333.7352216944569:0.7080113185928602:0.699913444547583:0.09402771710992648:-0.7016948879236118:0.712247087899183:-0.018116260768287203:-0.07965077696836796:-0.05315223530755668:0.9954046567240294
033:21:324.77854214456335:213.40557042770843:267.03957310462056:-0.763920926579622:-0.5064433967503164:0.39992503349907743:-0.4465245992826153:0.8622639551735136:0.2389908539964665:-0.4658762645087004:0.0039937569916114225:-0.8848409356126746
034:21:330.10773580596447:221.06474072056906:367.6524809511319:-0.7753102738315523:0.5164501700328251:0.3635562212211786:-0.4596869506220999:-0.8561716931043705:0.2359193109079838:0.4331071101683555:0.01578862894980364:0.9012041885092908
035:21:200.7368384963569:-336.7862511331817:267.4453340944768:-0.42258105691689735:0.8782597976183273:0.2237967439567348:0.7767891837859267:0.4781833467068427:-0.40980386114024886:-0.46693012065695944:0.0006675489839944373:-0.884294039579208
036:21:208.45544066988057:-342.09592351472855:368.0468030882672:-0.43325140693111225:-0.8724488200480723:0.22611136952245908:0.790967113072375:-0.48833102596656036:-0.36865121558531627:0.43204654779979085:0.019128005243812175:0.9016484567668438
037:21:-339.2569661616933:-223.45629040073885:268.731173021162:0.7598852136206198:0.5098073197415076:-0.4033248234662855:0.4493217336317928:-0.8602865997436114:-0.24086667423690936:-0.4697706570611489:0.0018084030645241624:-0.882786722377022
038:21:-344.0624802722213:-231.0994115781462:369.3992882816486:0.775629459777786:-0.5196941345664139:-0.3582138125382358:0.4628567699783766:0.8541622382379489:-0.23700310015755097:0.42914181252256284:0.018024914418456543:0.9030572904865634
039:21:-210.5821220756641:346.3512153065183:268.299737304541:0.4202872281691996:-0.8782457823713964:-0.22812967810669987:-0.7769555583301391:-0.4781819903926236:0.40949002510010163:-0.4687204177508075:0.005143173541496924:-0.8833316592899499
040:21:-217.8079662512854:351.6971139366485:369.00083812683664:0.4353651849662214:0.8725316305662287:-0.22168876793245193:-0.7908136988640341:0.4883373177575213:0.36897187087195404:0.43019853200084:0.014677024662539603:0.9026150567003391
041:21:-116.43447114784345:385.966412083976:268.0626077657579:0.24920448403508905:-0.9585919529425274:-0.1378352347226085:-0.8477044494867518:-0.28473370013595545:0.4475753283730913:-0.46828850702280667:0.005305784078280127:-0.8835597461311325
042:21:-122.38675435589731:392.7531817812942:368.75844247204543:0.26107888315963346:0.9551193364368314:-0.13994621535964066:-0.8639370441135925:0.2958658751417819:0.40752423601645693:0.43063959784982:0.0145087380920321:0.9024073899232333
045:21:-13.76899813815733:401.5391465814741:267.8057640490983:0.008817121471162386:-0.9999036263396522:-0.010727717867201919:-0.8838470586932169:-0.012810520840860564:0.4676003282581813:-0.4676926706512667:0.005358773932635339:-0.8838750138362889
046:21:-17.642726791372727:409.7581455145822:368.50130940835237:0.015860010872365483:0.999595969064281:-0.023590787642560868:-0.9020934785322963:0.024481106674791493:0.43084553155875693:0.4312489973635512:0.01444788173294158:0.9021173647327108
047:21:92.34647528972567:386.2934128113372:267.55943327465263:-0.2466384693963897:-0.9610617257847616:0.12461926187722477:-0.8491245104741743:0.276284842111085:0.45017112541151894:-0.4670726843515473:0.005212229597097066:-0.8842036186312665
048:21:91.01463982962885:395.35221257422336:368.2266997838412:-0.24511344475856514:0.964135887313195:0.10179171180492946:-0.8679845871466171:-0.2650082761540143:0.41996819292454574:0.4318820570253271:0.014586211655019067:0.901812118682618
049:21:186.3713755610714:354.366706826126:267.315475145881:-0.40470005073368687:-0.8903584972068592:0.2085178077652154:-0.7863920391589013:0.4552325509987333:0.4175533884835812:-0.4666963071557405:0.005007138286444671:-0.8844035242770073
050:21:186.800824428063:363.5618854907608:368.01601656391205:-0.40680489970018674:0.8955356239320439:0.1803491393922552:-0.804769569372496:-0.44474413546685576:0.39312650847572056:0.4322680791222477:0.014786280953256816:0.9016239677601096
053:21:269.64848027629023:292.7025909595177:267.1348647276246:-0.6724840992879275:-0.6515600891279284:0.3510478770630764:-0.5749235132968902:0.7585844329336904:0.3066148160299161:-0.4660774511178704:0.004367898682536648:-0.8847331839830442
054:21:273.5381338668571:301.1421687810977:367.8034815229691:-0.6812895926016375:0.6603268521356034:0.31593207307127785:-0.5902873886663822:-0.7508199861339476:0.2963613442611068:0.4329034746585121:0.015417196649587406:0.9013084740025835
043:21:360.390294788114:115.48631949895342:267.0065103836026:-0.848765765363216:-0.2847264852978176:0.4455643664908708:-0.25043460451874167:0.9586026527547006:0.13551191555949355:-0.46570303304260235:0.0034331447596614973:-0.8849345212937941
044:21:367.4052242661794:121.70236181776546:367.5415645883236:-0.8629539423570978:0.2959041533430772:0.4095744179848471:-0.2599461535719929:-0.9550776674499883:0.1423182676461566:0.4332879897396336:0.016346813473489822:0.9011072120426236
051:21:375.967273042102:12.815417615552885:266.9955923555418:-0.8849082992188911:-0.012805090874559697:0.4655893663759608:-0.010047344973473132:0.9999142508010355:0.008404453451145297:-0.4656569937099421:0.002759233784849081:-0.884961044771857
052:21:384.4144317559575:16.952977716284835:367.50946635741695:-0.9011104521265915:0.02452020667063966:0.4328957512025421:-0.014726566629576497:-0.999554375428228:0.02596243727329302:0.43333949200456534:0.017019956223451562:0.9010700641031776
055:21:360.7226580804944:-93.30727140397586:267.0688164447975:-0.8501858263506384:0.27629083249888614:0.44816020120469335:0.24541023268248585:0.9610718981414049:-0.1269435606006091:-0.4657874636027428:0.002057453025281471:-0.8848943593227501
056:21:370.0095018853144:-91.71170576782417:367.54719721057404:-0.867001862144072:-0.26496832139764265:0.42201852559451586:0.24624758717351727:-0.964094218326352:-0.09942047895825423:0.43320890908557974:0.017723305221335035:0.9011192681690158
057:21:328.79425459268714:-187.3368108727573:267.1447025267606:-0.7874535057369454:0.45523805160639974:0.4155424642767556:0.40347220961143027:0.8903682928095529:-0.2108423231221208:-0.4659692850588953:0.0016313431307507253:-0.8847994926782015
058:21:338.217824515696:-187.5024909840896:367.66046692925414:-0.8037869197207409:-0.4447041618727866:0.39517687882108565:0.4079399086492233:-0.895493578191251:-0.17797837748801715:0.4330260703937629:0.018151714492315386:0.9011986125508344
059:21:267.122943629848:-270.6195289204244:267.3142598883407:-0.575985431979674:0.7585889539810874:0.3046042309016453:0.6712567856212006:0.6515689805211426:-0.3533726749854441:-0.46653528251761456:0.0009301207323102153:-0.8845021584610535
060:21:275.79087413019755:-274.2455102043431:367.8266678652466:-0.5893054925225267:-0.7507792213565839:0.2984119971719342:0.6824252797077837:-0.6602839021853312:-0.31356170675868705:0.4324522364528887:0.018860245034364103:0.9014595523364358
061:21:109.74934906336331:-391.6600672686642:267.6252693696552:-0.2514974085733074:0.9586064956449881:0.13350179195481124:0.847538602398069:0.2847339450260228:-0.44788923976402845:-0.46736203138496035:0.0005049375641941636:-0.8840659527380255
062:21:116.19542227373871:-398.4106492970035:368.3352242111733:-0.258964897909852:-0.9550366012694649:0.14436908067741264:0.8640901569187736:-0.295859583350821:-0.4072043719131136:0.4316080815530642:0.019296269444553912:0.9018548425805204
063:21:7.085627206035658:-407.2349622240117:267.8855852507158:-0.011110869569967766:0.999917942989743:0.00639470601173468:0.8836809855521642:0.012811705261090111:-0.46791416429832855:-0.4679576793795254:0.00045194874002553334:-0.883750835734449
064:21:11.453222417975201:-415.4178120677455:368.58934806571887:-0.013746029154652298:-0.9995130831953346:0.028013542288860115:0.9022463652851074:-0.024474788981996513:-0.4305256674554136:0.43100165839553606:0.019357099901810386:0.902143436106034
065:21:-99.02938869185076:-391.9923534018357:268.1639756764636:0.2443459404498186:0.9610756656809025:-0.12895292127854316:0.8489582112807517:-0.2762850116503624:-0.45048481075008623:-0.4685777033546398:0.000598494105750388:-0.8834221555886814
066:21:-97.20388861314686:-401.01477259772076:368.8324767329947:0.24722778792459887:-0.9640528507426687:-0.09736927975419969:0.8681373231978483:0.26501500121201743:-0.41964821579501754:0.43036731777033094:0.019218780575937736:0.9024492096116563
067:21:-193.05507984508782:-360.06742207842944:268.3763178193843:0.4024074652740233:0.8903722110506304:-0.21285138239689508:0.786225438562319:-0.4552326263495232:-0.4178668854451736:-0.46895400519965663:0.0008035858579113167:-0.8832223252937306
068:21:-192.99076764446122:-369.226374494481:369.0734835220255:0.40891909216464056:-0.8954524366599376:-0.1759267450169204:0.8049222300729373:0.4447508793625564:-0.39280645599540237:0.4299830287415793:0.01901869714942687:0.9026366823770552
069:21:-276.3354252470809:-298.40548595947286:268.59483269901784:0.6701911747497091:0.6515734262177497:-0.35538130099317616:0.574756573621753:-0.7585842068813204:-0.3069281622899286:-0.4695728989129217:0.001442826786344945:-0.8828925902369036
070:21:-279.7312213210184:-306.8087989528651:369.2512583393545:0.683404237170831:-0.6602426853032278:-0.31150999893680037:0.5904391451573441:0.750827144458993:-0.29604070781216646:0.42934891416874404:0.018387762615398793:0.9029514979774718
071:21:-384.61917371680056:-115.90690470182147:268.84100915504564:0.8464724640710479:0.2847395209844792:-0.4498975266932057:0.2502674011158397:-0.958601974597591:-0.1358251582121699:-0.46994746768976964:0.002377580709220096:-0.8826911775753638
072:21:-391.1409786907212:-122.08766597235937:369.4770261846256:0.8650679841199718:-0.2958196097567518:-0.40515223082418467:0.26009764633519:0.9550842229687141:-0.14199732037520776:0.4289601040925953:0.01745818699895963:0.9031547944087605
073:21:-400.19449304779704:-13.238622614685974:268.86624021635924:0.8826146965235632:0.012818055919855693:-0.46992241355211084:0.009880090944259177:-0.9999131958899761:-0.008717697869855774:-0.46999335632085:0.003051492125541047:-0.8826648047988809
074:21:-408.1486815759256:-17.340931807459743:369.4950042803016:0.9032240417847257:-0.024435592442948715:-0.4284733756649048:0.014878073521046718:0.999560478842214:-0.02564133930076426:0.42891161585926163:0.016785018347163845:0.9031905860339873
075:21:-384.9498780861894:92.88079316652728:268.8259823991104:0.8478919222521507:-0.27627781564992204:-0.4524930600038685:-0.24557741724769033:-0.9610704664763958:0.12663029911023527:-0.4698628487526543:0.003753272590769634:-0.8827314902479877
076:21:-393.7439831829093:91.32052786845199:369.4246350817756:0.8691149243466766:0.265052902659363:-0.4175959240045087:-0.24609600022183273:0.9640997942848084:0.09974169937581666:0.42904091781481807:0.01608167994548521:0.9031419847744687
077:21:-353.02274772532917:186.9084229448882:268.71304060706814:0.7851593002352979:-0.4552249405689482:-0.41987517237435085:-0.4036393753389373:-0.890366635092174:0.21052897686210828:-0.46968095194571186:0.004179382190961357:-0.8828263568925364
