001:27:-647.0850961336681:-478.1006802593966:47.12062734656488:0.4101302807623179:0.4392972905890405:-0.7992553985638592:0.8760826872442641:-0.4333655633778885:0.21136205519580994:-0.25352274361871113:-0.7868999788339631:-0.5625963877886209
002:27:-617.4404894907876:-485.2735160584966:67.6205560270422:0.41123428286128955:-0.4392948040129721:0.798689288078955:0.8757896480221435:0.4333649228961739:-0.21257373357362197:-0.25274512346641365:0.786901636551342:0.5629437926056914
003:27:-696.7360054180232:-587.1112491872475:79.66996956807647:-0.4042383387682602:-0.4081419241170828:-0.8185412071995268:-0.8689792175739743:0.45063935522027637:0.2044497504796266:0.285426098544818:0.7939418115580728:-0.5368317675313596
004:27:-541.1616671543119:-537.5408169577858:186.96532786145943:-0.7609148821653045:0.4816496337461828:-0.43476599548452854:-0.01831054336132791:-0.6857264731663404:-0.7276279925472041:-0.6485930764228056:-0.545703230461672:0.5306000688254116
008:27:-525.7022795347028:-510.81799807870556:167.03039748822664:-0.7603132814583332:-0.4816498597985527:0.43581676225039956:-0.017305137771007593:0.6857260964123907:0.727652858307888:-0.6493257121535022:0.545703305812462:-0.5297030930218312
009:27:-448.80089812113556:-533.5004135628106:268.0514389702682:0.7359407670454224:-0.5027891094900477:-0.4534243580922717:0.03189244789926142:0.6947100203967054:-0.7185814520564399:0.6762942119818155:0.5143736529633469:0.5273019647492427
011:27:-366.6195506214519:-428.1082643164052:230.32401939800596:-0.7258471519774948:-0.6866655700615035:0.04045460525567239:-0.6762998632910618:0.7231525323780461:0.140245885451277:-0.12555684233774017:0.07443760430904041:-0.9892899401194807
012:27:-368.59733404384104:-433.71943630676844:266.588423210123:-0.7258160321012449:0.6867563677633949:-0.039456649974708505:-0.676582730156539:-0.7230679887917207:-0.1393153597084708:-0.12420552010845089:-0.074421620522722:0.9894616645697798
010:27:-549.6040805768193:586.3510380814604:38.6695913824617:0.268360745825133:-0.7038153345036315:-0.657742998197383:-0.19377670667467092:-0.7082724844308314:0.6788223816862617:-0.9436278888645171:-0.05471489295553753:-0.32645548904508775
013:27:-525.2548718618374:561.277960248088:50.02565227222944:0.2692692691372734:0.7038149577496818:0.6573721216092427:-0.19471457911949738:0.7082729365355711:-0.6785535300677155:-0.9431758594755992:0.05471457271468024:0.3277591330620353
014:27:-581.6859923107532:609.398802419755:156.3449851525036:-0.23628306684647374:0.7269429785157567:-0.6447665372567083:0.19743662640648843:0.685631229767842:0.700662356048909:0.9514144134457155:0.03825499796138438:-0.3055281446126333
015:27:-486.6802827553463:508.2149164273086:230.69353484947663:-0.40811155774873237:-0.7125704181388641:-0.5706908710483503:0.5420347019021026:-0.6921393528467265:0.4765932566618952:-0.7346041947332661:-0.11483132612643214:0.6687082712034674
016:27:-466.6602457746856:490.00680914948475:204.52593434791163:-0.407322974056497:0.7125695892801747:0.5712549847373207:0.5413751564376588:0.6921401817054159:-0.47734111325216194:-0.7355277693656993:0.11483156159765075:-0.6676923165025539
017:27:-434.05727790298147:444.24588138233435:322.23630052939205:0.42482526716941216:0.7052139205159178:-0.5676235664418023:-0.5089028842097221:0.7046038805204721:0.4945208296332956:0.748693210087572:0.07878057895176653:0.6582191398390854
018:27:-344.8381617993949:353.2519877350012:267.43320080887565:-0.6966518856045405:0.7085973970371015:0.11209834355604942:0.7149248289216827:0.6987049685783439:0.026343853553177803:-0.05965651078672931:0.09849435181781144:-0.9933478815615185
019:27:-349.42890325192155:352.76819949513464:303.8913513945661:-0.6968945151481837:-0.7085097640683881:-0.11113992860211248:0.7147999726627334:-0.6987950127723357:-0.027326731612014866:-0.058302767913312833:-0.09848661894299268:0.9934289590115062
005:27:641.1379729477101:595.2090310031579:101.20509512999556:-0.251061617279624:-0.7239466543533429:0.6425491142100211:0.01887210689700097:0.6600232638028896:0.7510076096009264:-0.9677870098402858:0.2006757873272178:-0.1520448301785339
006:27:617.3589322069696:567.6275458677212:106.13640768575044:-0.2519492495852504:0.7239411537456765:-0.6422078504823318:0.017834517100522702:-0.6600296686200354:-0.7510273515078937:-0.967575952277632:-0.20067458171457858:0.15338357824475007
007:27:671.3592675179849:591.4927348652099:221.54137244380922:0.2558583543794369:0.7007096763449984:0.6659899914559739:-0.0516436418513659:-0.6780299927791338:0.7332172880934223:0.965333738821051:-0.22199420235951955:-0.1372932082339425
020:27:563.0084098263156:480.2256062931774:263.25859825980365:0.5535676677596801:-0.6995468629544698:0.4518815129926237:0.6064621892373302:0.7104850096761717:0.3569510840002318:-0.570759477942601:0.0764524891417628:0.8175504950132471
021:27:546.7798220530815:467.5208024316604:232.83296681453254:0.5529425199308491:0.6995472397084196:-0.4526456453535199:0.6059685662123592:-0.710484632922222:-0.3577892108368602:-0.5718887602316012:-0.07645223012342234:-0.8167609694361372
022:27:496.69087993974347:403.8387610642274:333.1786337409836:-0.5205442798540395:0.7127684400148562:0.47010080654732056:-0.6262933115398756:-0.6929565321637484:0.3571659467777779:0.5803364879946223:-0.10850035275472315:0.8071167464794792
023:27:406.3531482049822:328.7757749621532:279.8533643487232:0.7393674195692481:0.6732755086347861:-0.006006126697380151:0.6723542698768414:-0.7387704152604639:-0.04645637573550848:-0.035715106499676255:0.030310100147981415:-0.9989022896919894
024:27:407.07462538789645:330.93820037146435:316.5317851860498:0.7392907124650777:-0.6733679640540563:0.004989635122088248:0.6725100199596707:0.7386860977265084:0.04553137414749058:-0.03434516320642025:-0.03030535540292667:0.9989504388467683
025:27:629.2751303738205:-470.3035107214002:51.612257795246435:-0.5514738953593031:0.5914271070397907:0.5882945863245399:0.8341836544394688:0.3875951576869749:0.3923133227505661:0.0040021512462154124:0.7070963339504814:-0.7071054513960655
026:27:607.2857589041463:-484.15355014116597:77.59616151019861:-0.5522861768749782:-0.5914242437097725:-0.5875348619848558:0.8336408273486596:-0.3875931232156462:-0.39346747080025024:0.004979325603459987:-0.7070998000868192:0.7070958064949517
027:27:696.6325349188747:-574.5658176717344:52.166260915221244:0.523585889841214:-0.6202745541663298:0.5840523745256762:-0.8519440616833622:-0.37543519790621255:0.3650230373737658:-0.007138316467252057:-0.6887010963012482:-0.7250098539995559
028:27:549.8706656436038:-549.0661265722979:190.3849854207524:0.645062665861217:0.5720718626511829:0.5065835115442308:0.03246922052094371:0.6418356175799722:-0.7661537965382491:-0.7634389829270933:0.5106666201501123:0.3954507035917687
029:27:531.6938850045975:-520.8934089985872:175.33797519316363:0.6443623556194095:-0.5720710714678884:-0.5074747983631699:0.03352820052291941:-0.6418361450355019:0.7661077572055889:-0.7639844472955509:-0.5106666955009023:-0.39439583020784535
030:27:469.0778366878626:-554.6301157064125:282.9234135324443:-0.6574718860551383:-0.5553385243497208:0.5092431683771421:-0.06785263284325431:-0.6294725120695012:-0.7740537994091142:0.750417160810868:-0.5434731484822731:0.3761805679204109
031:27:388.06444813345166:-439.8006236182078:243.4080029019096:0.691104786500695:-0.718754532820958:-0.07593513532738147:-0.7155488088132695:-0.6952266254126115:0.06818972402095023:-0.10180377735017042:0.0072090832212553125:-0.9947784163087441
032:27:391.3225728888913:-442.7906587022891:279.8901885811755:0.69129813662771:0.7186684068680437:0.0749843166749565:-0.7155552889812054:0.6953157653971239:-0.06720597236389217:-0.10043655610420141:-0.00719608050056434:0.9949174385162043
033:27:362.49593101966724:148.4947975930848:241.48029580610313:-0.7769245891554691:-0.4557626061306458:0.4343600054282709:-0.3774883185554108:0.8893542972291781:0.25797593762943855:-0.5038756678811456:0.03646200707679549:-0.8630063111561139
034:27:366.1859930265858:151.12648602118517:341.42093475518266:-0.8077818679023794:0.4656986250213902:0.3614046924403039:-0.4325251006667716:-0.8847940674213249:0.17338299653665165:0.40051288268688257:-0.016260919459725794:0.9161468529629551
035:27:206.62858066011964:-393.6567161176319:213.1891581365177:-0.36643285065375475:0.9042179187041834:0.21935586980016444:0.8197242146017624:0.42526648371997205:-0.38366746008536795:-0.4402036852413648:0.03922292124312829:-0.8970409066629011
036:27:211.9676892798657:-404.05496116759366:312.54730292773235:-0.3948330908419328:-0.8994091819910708:0.1875367758949206:0.7920865244078916:-0.4366562077258521:-0.42653294212207865:0.4655166528636578:-0.019863942280993495:0.8848162205535706
037:27:-326.58429911068737:-248.76927550441513:210.3648031637687:0.7923745904778755:0.45911567860808405:-0.4016908415861914:0.4247940342669773:-0.8878521038807089:-0.176829598182117:-0.4378273097032754:-0.030520583160861654:-0.8985409148384619
038:27:-333.840775492246:-260.7730493733791:309.41998232119766:0.7904759012726824:-0.4697449624417755:-0.3930492362406255:0.39481447919681484:0.8813946165326716:-0.2593551396510098:0.4682622095971136:0.04983243020388191:0.8821832379003021
039:27:-164.96040881118984:312.68375898868993:239.666900078297:0.38344660692002064:-0.9043228070037956:-0.18753432699424719:-0.7754688872443998:-0.4255385000716963:0.4664387958310819:-0.5016142399731269:-0.03342733171700866:-0.864445360542604
040:27:-173.89444213326826:313.73131098845846:339.30503634884434:0.3791404976512782:0.8988001215558944:-0.22002483411335216:-0.8329042733768856:0.43507161828857105:0.34202827447971973:0.40314157034512393:0.053582822687309066:0.9135675954229218
041:27:-68.5815064597102:346.713014837098:243.00700649320362:0.2089761477827917:-0.9733464664736833:-0.09447692084422121:-0.8358631481966936:-0.2279305071311611:0.49938020207725553:-0.5076039872925414:-0.025388761098135287:-0.8612163531408206
042:27:-76.16687396924829:349.11910902814736:342.73337431913967:0.20130029467433427:0.9701177604750596:-0.13546150588101613:-0.8954762475095622:0.23830642393364126:0.3759421956963999:0.39698947974875937:0.04562528477889177:0.9166883990903352
045:27:34.95461659596628:356.24456907297656:245.32527421471102:-0.032523626146000746:-0.9988732796378581:0.03456234066604522:-0.8577745551082147:0.04564515384031706:0.5119955820324835:-0.5129962405230369:-0.012994737039306212:-0.8582925164383399
046:27:29.517906399399426:359.95646713601667:345.15181398361466:-0.0451821844585831:0.9988352274889327:-0.016943161994930248:-0.9190987201592976:-0.03491778211580648:0.3924770976925252:0.39142832772258795:0.033305407074730876:0.91960575562488
047:27:140.16023345483146:334.79180132166795:246.21777478417462:-0.2849453039918362:-0.9434010829867636:0.16970772408138157:-0.8082963630961669:0.33165115206460033:0.48648195525655025:-0.5152313333299676:0.001446630088033835:-0.8570499819120428
048:27:137.3001923479615:339.19431288405826:346.1232870033978:-0.3031869390557536:0.9467161409906715:0.1086565737799897:-0.8698821460899608:-0.3215143986694256:0.37407703759273514:0.38907941754743575:0.018896864340924347:0.9210103697003623
049:27:232.2721351045692:297.40635136329547:246.12506799466908:-0.43875122341426337:-0.862489329386258:0.2522096619153221:-0.7366412279888098:0.5059537673172128:0.4487434163189165:-0.5146427683096579:0.0110986886438297:-0.8573328487775201
050:27:231.1717676263017:301.8427358183974:346.0639515717459:-0.4606096963958436:0.8678582238718687:0.1861746408272733:-0.7975096714622673:-0.49672615887819555:0.342405480534216:0.3896371640946554:0.009239178317343017:0.9209220585745393
053:27:312.0000126589327:230.88782173751235:244.43967939444488:-0.693260572601202:-0.6066030575391441:0.3891306560846027:-0.5105852412969649:0.7944656502498142:0.3288268914310403:-0.5086182842760759:0.029278300588768468:-0.8604941911699273
054:27:314.30290640806476:234.37838860979375:344.39561515669084:-0.7216610388417498:0.615397888716076:0.31700322222583066:-0.5679981352186503:-0.7881651939480355:0.23701035267108378:0.3957065195236534:-0.00901609170748733:0.9183327793794426
043:27:392.4221687750697:48.63393162111724:237.32851309306628:-0.8501209493204903:-0.228885465367609:0.4742424250415993:-0.1774251896635896:0.9724373591929207:0.15128101805849498:-0.4957970459627009:0.04446458121048181:-0.8672994224135898
044:27:397.70811469987666:49.735051401671626:337.2260586239695:-0.8835589172724431:0.2398419788443615:0.40224312520113953:-0.22861744260775219:-0.9705061184464686:0.07649875452679289:0.4087270230010547:-0.024368610300106373:0.9123313150121907
051:27:402.0504806589216:-54.81302432376245:232.6415348172265:-0.8722576550939658:0.04492489447686998:0.486979006742464:0.0638655776568632:0.997708205723631:0.022352665846900308:-0.4848587485394191:0.05059844633452692:-0.8731275799639537
052:27:408.6452010852624:-55.859688992628506:332.46178611060395:-0.9074127168473289:-0.03361482567481719:0.41889410508918484:0.01765351037478654:-0.9989649815492289:-0.04192236329313394:0.4198697094420794:-0.030645905652823796:0.9070668567214525
055:27:380.66688613840086:-159.90164853211763:227.31718289618448:-0.8229465911340301:0.33124779928599096:0.46155587626526223:0.316009156929398:0.9420453715739597:-0.11264462736434767:-0.47211986863946087:0.05315532468994469:-0.8799303246315479
056:27:387.95488205679925:-163.52318351662288:327.02896763163653:-0.8583686207361908:-0.32052515582354985:0.40058333567548704:0.27537435967840584:-0.9466521681700029:-0.16738867165674762:0.4328651964572168:-0.03337080214155987:0.9008407716493557
057:27:343.32429812057796:-251.89530369420058:222.31985099230585:-0.7513544492870723:0.5057829094009981:0.4238517726386362:0.4696098584753928:0.8610617333198405:-0.19503709933818647:-0.4636088838882756:0.052502937550546254:-0.8844830947111959
058:27:350.647864434284:-257.27495947822894:321.9496733580931:-0.786061475243385:-0.49596907181615973:0.3689475325667998:0.43258828230414575:-0.8677193523659884:-0.24480733217438794:0.44155969805732853:-0.032831210425294174:0.896630998365566
059:27:276.8108995821874:-331.4920491730213:217.37807371884253:-0.5253015519776154:0.7947828017247193:0.303938450159333:0.7236884271961798:0.6051709027499346:-0.33172778381798085:-0.44758629191302923:0.04569957594835939:-0.8930722559069556
060:27:283.1904615544823:-340.27076100756364:316.83114362681886:-0.5565552889058545:-0.7878961162771194:0.2635641029138075:0.6931997645137112:-0.6152488448535524:-0.37542370691074495:0.45795237543742073:-0.02624145418434616:0.8885893360095924
061:27:112.52800649463529:-443.1013402569658:209.16584550631623:-0.1919610352023067:0.9732420302788107:0.1262976818856927:0.880118927658796:0.22765692725054537:-0.4166089416823315:-0.4342139002465553:0.031184282337601527:-0.9002699140646846
062:27:116.5184975263466:-454.8583589758351:308.4357973217466:-0.21699239808485418:-0.9707270469626059:0.102973579526467:0.8546581217866185:-0.23989054242848512:-0.46044765452205333:0.47167130538688073:-0.011906409082000573:0.881694135922728
063:27:8.99192201856327:-452.63289449284434:206.84757778480883:0.049537921641357216:0.9987685420398258:-0.0027411157462730934:0.9020300331671572:-0.045917805964331496:-0.4292242462867696:-0.4288215716652698:0.018790301840947893:-0.9031937507671652
064:27:10.833784672006677:-465.69567850409993:306.0173383674694:0.029489996278424486:-0.999444363274899:-0.015544884449940363:0.8782805190855639:0.03333366833038699:-0.47698251884278364:0.4772355091200452:0.0004134462523945539:0.8787753477231741
065:27:-96.21356945658744:-431.18028105995353:205.95507721534526:0.3019603977346237:0.9432959686347816:-0.13788690652681762:0.8525514644011598:-0.3319246754321236:-0.4037104688092563:-0.4265865165337341:0.0043488858533299885:-0.9044362852934623
066:27:-96.9485012765554:-444.9335242521415:305.04584605788403:0.2874947037813513:-0.947325201425848:-0.14114474502460617:0.8290639450162272:0.3199302613368843:-0.4585824210675986:0.4795831006563732:0.014821999582405923:0.8773712611032215
067:27:-188.32545181652293:-393.79483110158105:206.04778400485077:0.4557661852931684:0.8623839136311161:-0.22038877842881696:0.7808961032414328:-0.506227215333946:-0.3659717791700427:-0.4271749685278588:-0.005303173291143924:-0.9041534937787751
068:27:-190.8201633590056:-407.5819857660851:305.10518148953594:0.44491736693295386:-0.8684672089562552:-0.21866288742267972:0.7566912443361636:0.49514205922104915:-0.42691075098289455:0.4790270118265325:0.024479670300358046:0.8774587433703549
069:27:-268.0534836893043:-327.276301475798:207.73317260507497:0.7102753084277372:0.6064974157316324:-0.3573096030588201:0.554839928172613:-0.7947387968633878:-0.2460550659051917:-0.4331995279122308:-0.02348277699459004:-0.9009921513863679
070:27:-273.95118640195534:-340.1175613982725:306.7735371943932:0.7059690107820199:-0.6160059695909831:-0.3494918078997919:0.5271789545846473:0.7865814710448389:-0.32151511450193015:0.47295897503635864:0.04273496975909071:0.8800474951099221
071:27:-365.69367869413463:-138.73270128588385:214.82884919526487:0.8671353083930758:0.22877954099463496:-0.4424211082880519:0.22167963164917034:-0.9727099783509645:-0.06850912660070509:-0.44602095460258073:-0.03866904113331808:-0.8941868447919153
072:27:-374.57443358246064:-149.184562341137:313.92760401592585:0.8678665878095533:-0.2404498713422937:-0.4347315978489158:0.18779835616223658:0.9689219434385323:-0.16100335152778625:0.4599342142393251:0.05808750483469506:0.8860509939485027
073:27:-375.3219519983821:-35.28574051855359:219.51582747110467:0.8892716374126015:-0.0450308753629365:-0.4551576146381267:-0.01961119453908713:-0.997980523478515:0.060419230320313946:-0.45695913899967755:-0.0448028874196657:-0.8883586118907616
074:27:-385.5115971270552:-43.589884638694095:318.69185723948914:0.8917200106304894:0.03300696378814342:-0.4513823893599862:-0.05847272162004801:0.9973805051381327:-0.04258202178376267:0.4487944288037135:0.0643647625120175:0.8913140959250218
075:27:-353.9383188982569:69.80279206324101:224.8401793921467:0.839960347400296:-0.33135366714587255:-0.42973425810855503:-0.27175469610611985:-0.942317237224104:0.19541649056559132:-0.46969798122424083:-0.04735974693738598:-0.8815560179247474
076:27:-364.82135525780103:64.07361470775083:324.12465642865436:0.8426756884669814:0.3199172256502227:-0.43307143156931355:-0.316193389610829:0.945067164303377:0.08288436193064096:0.4357976985005419:0.0670896401630561:0.8975407838034382
077:27:-316.5958466192474:161.79642793552173:229.83749200622307:0.7683679795009682:-0.5058886642346948:-0.39203000378034913:-0.42535535997671964:-0.861333372917615:0.2778088683509427:-0.47820881527384623:-0.046707350379138805:-0.8770033231958893
078:27:-327.51426047607686:157.8253906693569:329.203969992:0.7703683922725957:0.4953606518626979:-0.40143559078523133:-0.47340689780722417:0.8661344992009425:0.16030290942209635:0.42710492996859906:0.06655003431851729:0.9017496528777484
079:27:-250.08240950125236:241.39316376944134:234.7792692796864:0.5423146677621666:-0.794888368181441:-0.27211651176176854:-0.6794336272943468:-0.6054421655937593:0.41449938329145963:-0.49423148259988253:-0.039903965229830085:-0.8684140112985496
080:27:-260.05685759627517:240.82110539458156:334.32251901307643:0.5408614147517707:0.7872881107530023:-0.2960516525144069:-0.7340186437445545:0.6136630498036321:0.29091962323700815:0.41071349587654105:0.05996022627390118:0.9097907124274024
081:27:-40.97012695327143:-52.761939652908644:417.2280056883818:0.12987671254449748:0.02591863491720945:-0.9911913419531121:-0.050366931032401516:0.9985402291462733:0.019511192267260814:0.9902500598850403:0.047389190258559456:0.13099254471749142
082:27:82.89725957465534:-56.647865489195034:419.25204605651265:-0.1642567914232114:-0.027156201000794123:0.9860438280883783:-0.041885549722818355:-0.9985274948627715:-0.03447738971451168:0.9855279765803717:-0.046964103486473514:0.16287743870006022
083:27:20.14475278573754:-117.1221622421562:415.30778303583963:-0.014013265440638988:-0.9995012531213123:-0.02830103380907059:0.10116410565657627:0.026741385483263422:-0.9945103181980974:0.9947710319313289:-0.016799378559430034:0.10073892940542727
084:27:20.28986996789529:7.320938078152483:421.2074533083179:-0.019403419445220768:0.9994780450780073:0.025834345639800166:-0.193173843841968:-0.0291000323933046:0.9807329537110302:0.9809727199246553:0.014039044829651078:0.19363757144102584
089:27:-36.05411844435883:-39.974802093033965:145.10018784198428:0.1655648999744636:-0.025919492032445146:-0.9858583144435182:0.04246266142305543:-0.9985402291462733:0.033384103910698466:-0.9852842921256691:-0.04738937392610996:-0.16422256332687601
090:27:89.42971251940565:-43.33206678702197:147.20932517264185:-0.1298767219633462:0.025917876699885566:0.9911913419531121:0.05036667201406106:0.9985402291462733:-0.01951046230648316:-0.9902500598850403:0.04738902542870643:-0.13099250704209645
091:27:28.314808668143893:21.028112400170563:149.12954782518406:0.014013546828745211:-0.9995012531213123:0.028300807756700738:-0.10116354052565163:0.02674114059319608:0.9945104688996773:-0.9947711072821188:-0.016799619917429096:-0.10073837369335137
092:27:25.060763705875424:-104.33497163532539:143.17996518944207:0.021674633537084383:0.9995012531213123:-0.022967542421176105:0.19399349089736084:-0.026740942797372456:-0.9806383131188513:-0.9807633200793805:0.016799415057468917:-0.19447630108397385
001:28:-646.3336040184878:-445.071832134113:39.84873841302647:0.34512515427132356:0.3293383349178349:-0.8788757903261792:0.9376706554109666:-0.1616798320822716:0.30762739878297923:-0.040785701336142816:-0.9302665360887711:-0.364609474563118
002:28:-613.8074481392537:-455.7400572560513:53.21805667147982:0.34633924387441406:-0.32933558461400164:0.8783990458781573:0.9372446973953719:0.16167890903509471:-0.3089233005062594:-0.040281896535679616:0.9302675909998304:0.36466270989621863
003:28:-687.7631610138629:-561.9368613125761:45.68949762950182:-0.33477018498844985:-0.29794636696543003:-0.8939544629557056:-0.9395236820374492:0.1783147245766623:0.2924044482283937:0.07228713985807378:0.9377802154595558:-0.3396208920915654
004:28:-531.2580897926731:-549.0670910624092:151.2528245808744:-0.7817433475236453:0.39499321127057935:-0.48255226085900954:0.21543979505790745:-0.555101433089139:-0.8033966026287932:-0.5852031694652076:-0.7320121275589411:0.3488511754836259
008:28:-514.0569873503355:-519.4020372291676:138.03882780995718:-0.7810757395246767:-0.3949935880245291:0.4836318869774319:0.21654969335619276:0.5551010940105843:0.8030983642021658:-0.5856848117145763:0.732012202909731:-0.34804187032415385
009:28:-436.1136094000412:-574.0906326836613:225.03051187072577:0.7591632777020962:-0.41628538539028054:-0.5003765655727817:-0.2076237894801406:0.5737133042594822:-0.792302555122682:0.6168981982947965:0.7053783359395915:0.34911290645252174
011:28:-355.52992048005086:-457.1164618041948:198.86219764647836:-0.7074569628311884:-0.7048383721788005:0.0520345429119358:-0.6873088397553179:0.7032754460936305:0.18168767082495024:-0.16465500151040657:0.09277236353048893:-0.9819786529705052
012:28:-357.9208143069449:-464.2578166460595:234.83150606411854:-0.7074396321494996:0.7049269093569933:-0.051061872530424955:-0.68764610989114:-0.703189395491506:-0.18074194306027136:-0.16331598029757685:-0.09275149136167242:0.9822041778848295
010:28:-531.0416196320757:572.5510364086729:38.32756389916527:0.34970927027959137:-0.6906742320869133:-0.6329864961588805:-0.06858990735695726:-0.6927104364837674:0.7179463202479403:-0.9343441440869862:-0.2076567366130468:-0.2896205002674576
013:28:-507.5469491557735:546.125126165479:48.33648287076865:0.35058345246921147:0.6906739306837534:0.6325031208413429:-0.06958196172918309:0.6927108885885072:-0.7178503986923322:-0.9339430518320754:0.20765647288528197:0.2909114665139959
014:28:-573.264026078607:579.9927720508247:154.81719423647834:-0.31844679265971787:0.7153117552280827:-0.622029134985741:0.0710928345467699:0.6723638394271652:0.7367983343858583:0.9452711388917753:0.19041005221734392:-0.26496564644459936
015:28:-490.2358562611345:477.98069768954133:231.7523328039438:-0.31057804152898505:-0.7050293864313271:-0.6375536582394092:0.5876907250938701:-0.6695898000951077:0.4541681080644861:-0.7471015753514304:-0.23362994669459067:0.6222994182692964
016:28:-467.57612558444896:460.70004410281734:207.15557805697588:-0.30969709660596684:0.7050285575726376:0.6379830070405518:0.5870621488040964:0.6695906289537973:-0.45497914629212705:-0.7479610264616151:0.23363015390926303:-0.6212661328866941
017:28:-449.72295066761177:408.2780775692679:325.248518886035:0.3260456560985426:0.7021472940664795:-0.6329953875520947:-0.5556964782773844:0.6840392936285407:0.4725370106126313:0.7647846726848337:0.19768492609707547:0.6132091366449653
018:28:-353.03574905203055:322.35396832298:268.10805453980595:-0.7125964141613973:0.6900866466268729:0.12643939788389363:0.7003345801126208:0.7103988837232573:0.06975005050386697:-0.04168884648565046:0.1382534598633845:-0.9895190818717227
019:28:-358.16421303145194:320.2654228562003:304.43771575285876:-0.7128563743867293:-0.6899969791868309:-0.12545903701238337:0.700148689713811:-0.7104869687967105:-0.07071282638477233:-0.04034538428563796:-0.13824799693111303:0.9895755196133962
005:28:624.8316858511034:583.3770135332279:104.4982887458848:-0.18038248211680866:-0.7354049475780787:0.6531780212897629:0.07771014562971823:0.6513399894704807:0.7547957198641485:-0.9805218207975867:0.18691038477805538:-0.06034249025017291
006:28:600.709981063593:555.696224495924:106.0515518457515:-0.18128486433956803:0.7353992962688324:-0.6529345628874302:0.07666726714967026:-0.6513464696384165:-0.7548967652734733:-0.9804375032636311:-0.18690997034871065:0.0616987997598721
007:28:646.2648551633488:572.3532001970273:226.26463483763902:0.18528659409230216:0.713738958189429:0.6754594005799449:-0.11030713283387314:-0.6679108337934127:0.7360208649351406:0.9764738256598223:-0.21088267347013973:-0.04502502625786653
020:28:549.3511912696164:467.6946807089394:274.00498566036794:0.5101674965174748:-0.7131152797010021:0.4808278957063688:0.5904095322968933:0.6968948919021335:0.4071285313430276:-0.6254164167218171:0.07618136287124487:0.7765633574684425
021:28:532.02964330217:453.1353552612672:245.0483305241303:0.5095023750945746:0.7131156564549518:-0.4815320488384638:0.5898465488697721:-0.6968945904989737:-0.40794435434583043:-0.6264889975413791:-0.0761811226906019:-0.7756984057505915
022:28:488.40178186534047:393.31227740905706:350.6484045487463:-0.47622991515275:0.7243494043256327:0.4985207132916759:-0.6089712951919188:-0.6806592832436947:0.40725459321461616:0.6343177939157402:-0.10963768815939948:0.7652584031012577
023:28:398.25270439636444:314.90964784732967:291.60253211808583:0.7235044959179087:0.6902442804794511:0.010210206287104142:0.6903103631222384:-0.7234925904930963:-0.005494362969728348:0.00359451524613976:0.011023420268804901:-0.9999327870953635
024:28:398.3675558788272:315.5792161724496:328.34545805406134:0.723403375157794:-0.6903347767781826:-0.011204857906871096:0.6904078670444354:0.7234061631370222:0.004544707545123256:0.004968249626015192:-0.011023603936355408:0.9999269097337472
025:28:633.5489789553533:-426.08650014493725:49.34906245909865:-0.6136265423459006:0.567899425683814:0.5485913132143208:0.7629987836121979:0.24765436758421072:0.5970788683908786:0.20321727528378802:0.7849578875737581:-0.5852710605269537
026:28:612.9763663000825:-447.50848137189075:70.99133322749059:-0.6143838931357013:-0.5678967884061658:-0.5477456512986972:0.7621730143051214:-0.24765124052642776:-0.5981338171255919:0.2040259022861505:-0.7849606755529862:0.584985782436198
027:28:708.6912075649782:-521.8296588395029:24.959422318647793:0.5871464286626569:-0.5973853577290056:0.5462503525475085:-0.781548716433201:-0.24260804983038162:0.574739732720199:-0.2108140100627966:-0.7643777784190967:-0.6093293998211624
028:28:563.1323275158254:-539.4735008225668:166.4114456041517:0.626575877002193:0.514839320845246:0.5851000142337642:0.24923332454994293:0.578955081962445:-0.7763330854543513:-0.7384338232817514:0.6322590596326905:0.23444571318430102
029:28:542.0581028434299:-510.7799971683173:157.29712979045473:0.6257669862720656:-0.5148384919865565:-0.5859657948103048:0.25030616909726966:-0.5789554963917898:0.7759875267316346:-0.7387567767674827:-0.6322592856850604:-0.23342565186533518
030:28:484.75180406745073:-571.5274037636665:255.57892290717513:-0.6356823213709685:-0.49991590851841433:0.5882098920366347:-0.28231298065797966:-0.5586413378502616:-0.779883614676857:0.7184749813902387:-0.6618186470750594:0.2139873520685035
031:28:398.93351867618304:-451.73703749779315:223.59670087115308:0.7095074838781333:-0.7019210156442557:-0.062499425450226624:-0.694452094642702:-0.7115050333197426:0.10722373141482185:-0.11973121845768839:-0.032673143305673814:-0.992268556846256
032:28:401.71036286604567:-456.1470335034478:259.974528720368:0.7096801878887018:0.7018325538168528:0.0615233077700755:-0.6945101901017544:0.7115916113773966:-0.10626897097419756:-0.11836245252052537:0.0326883782935171:0.9924322941128202
033:28:331.4560158224603:175.16494566718265:247.8529134495961:-0.7016092894262271:-0.5831344512024893:0.40951010608562366:-0.46762560844821:0.8104376818450033:0.3528696331117292:-0.5376529027648541:0.056079189648971565:-0.8412993309377308
034:28:332.60113564189567:174.37618565409872:347.88660640462126:-0.7430932900799705:0.5918559283854036:0.31228004633470774:-0.5621529860651524:-0.805263041695887:0.18850887643608244:0.3630377324355237:-0.0354694440867375:0.931099162317733
035:28:258.24500505264723:-382.4876119910534:196.01625738503674:-0.4744160332616471:0.8302192986785506:0.2926862225074166:0.7735299607173727:0.5518708809961616:-0.31159265875337694:-0.42021530584019107:0.07857696698904497:-0.9040159785871139
036:28:262.9629434610622:-395.88846907614885:295.04570394629417:-0.5175572238387897:-0.8241870911889986:0.2298914926019464:0.7063909752057472:-0.5631815243479877:-0.4287638152847721:0.4828522323538057:-0.05951649489072666:0.8736771132750686
037:28:-290.366576619961:-317.67808168342106:184.12835735805362:0.7297936496011946:0.586101614609192:-0.35197454107789755:0.5537124919779666:-0.8086933864084204:-0.1985388200865012:-0.4010034540048606:-0.05000030234504468:-0.9147110436604329
038:28:-297.8581571110688:-334.5080869105053:282.4609791036436:0.7131948501351906:-0.59606317741773:-0.3688656639335177:0.48814588907565:0.7999864519279668:-0.3489058424817355:0.5030574336530643:0.06877758262760411:0.8615120296405896
039:28:-214.34417362449582:259.85824979254045:237.8198050659994:0.504600919234427:-0.8304052644281504:-0.23623075456055004:-0.6902231069074747:-0.5523832286924355:0.4674023440575843:-0.5186232491396259:-0.07279969947844443:-0.8518979469999121
040:28:-225.43995721280743:255.65727808382337:337.15715545041274:0.489716651642975:0.8231065608610968:-0.28752959119709876:-0.7832268538762066:0.5601988386785551:0.26969091332014344:0.3830580982470317:0.09312870683501741:0.9190177934108898
041:28:-124.16124255261049:307.54703897391516:244.95093631268347:0.34116671354741646:-0.9280916862384064:-0.14916843621717635:-0.7753609849131895:-0.36756073895314095:0.5135314195086661:-0.5314326197035836:-0.059540399928838715:-0.8450055348922759
042:28:-134.12665337528966:304.88388887838164:344.4610847454511:0.32327666526941184:0.922934452121769:-0.20900751254910893:-0.8710067566299842:0.37654379640337116:0.31553489905744453:0.3699185781969023:0.08004184756821525:0.9256098572697802
045:28:-23.251450182465707:332.1181189941182:250.37563378491313:0.10574503809396861:-0.9941152540063827:-0.023512177930944164:-0.8323566991863094:-0.10142577069353093:0.5448808896155384:-0.5440591515757244:-0.03804790337933976:-0.8381837264748241
046:28:-31.287924184446375:331.05787430448396:350.0900419334681:0.0831853600799502:0.9920590816501913:-0.0943341593538097:-0.9304204024018516:0.11122295575379008:0.34920961919142424:0.35692878016640617:0.05872128032897552:0.9322842041912973
047:28:83.9285888507505:326.36863912178353:253.31146452473507:-0.15111663089136745:-0.9819361551249727:0.1138646696798443:-0.8205286596352825:0.18883804636198473:0.5395118444283479:-0.5512681500273411:-0.011900010151635176:-0.8342432569143203
048:28:78.33582415416289:326.36713451720976:353.1984006644131:-0.1791553568270566:0.9832822216366629:0.0325474299314888:-0.9196682967805395:-0.17913224297223904:0.34945936938471783:0.3494475393106955:0.03267466915917033:0.9363860751438767
049:28:180.54309684663727:302.98372762015606:254.3427166416213:-0.313817183612017:-0.9279570343767635:0.20103374125488152:-0.7723761140708483:0.3726366695674209:0.5143706766071439:-0.5522263860231519:0.0061447168151541895:-0.8336715704709597
050:28:176.68446125805227:303.2734218700092:354.31122935491965:-0.34553762449551706:0.9314686072408643:0.11388595627800553:-0.8713380740534:-0.3635268344130976:0.32957293960234824:0.3483875043976605:0.01464667595453062:0.9372361827561073
053:28:269.261874060046:249.0455440519179:252.40901041732207:-0.5990723865652254:-0.7180700462450403:0.35424233612766715:-0.5866648617640781:0.6947339065971199:0.4161358517476222:-0.5449189040890688:0.04147393190443621:-0.8374624687134101
054:28:268.9079061891707:248.90075479639802:352.4516538405808:-0.6377739085984369:0.7254040893325812:0.25890768782258144:-0.6831764517328082:-0.6880096774526551:0.2447705798265892:0.35568865686538753:-0.0207713259124359:0.934373681596647
043:28:375.9245268403658:81.03933333840695:240.93049786301393:-0.8037858648096816:-0.37128672249004824:0.46483800597396135:-0.2809924769017805:0.9256354011875737:0.253461031321741:-0.5243772238372827:0.07311238641904488:-0.8483414650650002
044:28:378.8752878871119:78.9744853936638:340.9090219836683:-0.8483939092148063:0.3814088578319724:0.3670899848929201:-0.3721054841736592:-0.9229044625073684:0.09891833187516996:0.3765174236268882:-0.052674464205021664:0.9249109033421918
051:28:400.86612538175535:-19.597619246581015:232.8024696372108:-0.8616447223816938:-0.10443144777274745:0.49665137321916886:-0.046208980254400844:0.9906786551782834:0.1281427778415329:-0.505404045629123:0.0874637496768393:-0.8584386216200556
052:28:405.43070986246147:-23.589465386898805:332.6618985189124:-0.9086923993130721:0.11537840111802489:0.4012053564465351:-0.13266081120701342:-0.9910409417763693:-0.015461341616294035:0.3958271184629705:-0.06727380220312147:0.915857581280332
055:28:395.40159446792586:-126.39739358603526:223.14998763116782:-0.8505056151031918:0.18685905205240105:0.49165407115420307:0.209747890573473:0.9777163601861195:-0.008752879624626477:-0.4823338189189407:0.0956789825774657:-0.8707465703522823
056:28:401.0352969472908:-132.8277166728919:322.8273979390504:-0.8986488925204621:-0.17599318557595997:0.4018164513530402:0.1287587988059311:-0.9814693569812243:-0.14191296516585727:0.4193462475042877:-0.07579250570085239:0.9046569877572297
057:28:372.2111627523564:-222.61743477127004:213.866384513122:-0.802650780509855:0.3714385543318001:0.46667468147902447:0.3717592472938329:0.9233982362339193:-0.0955545595855586:-0.46641924230108955:0.09679362797551792:-0.879252092171196
058:28:378.14215966365214:-230.77686679509958:313.3999121861894:-0.8506260256655339:-0.3611650769282587:0.38209308068012526:0.29443922096023883:-0.9293076219358507:-0.22291909563077691:0.4355926313256894:-0.07711754934214617:0.8968344454984345
059:28:318.3408985777614:-310.88189856261585:204.30228838088559:-0.6171154346222262:0.6952317492663282:0.36853947036381846:0.6555183414748607:0.713308855880387:-0.2479639274670282:-0.4352749147198597:0.08856196860268215:-0.8959311402284983
060:28:323.84568730883973:-322.53270763042036:303.5123260705972:-0.6626518761103409:-0.687341240594997:0.29741292104796974:0.5851487661948627:-0.7230211206003709:-0.3672076074760341:0.4674327481013296:-0.06929995668836593:0.8813082645273874
061:28:172.61255761603965:-445.04949454313345:187.71165030964278:-0.3109806031242999:0.9279063232951262:0.20562318833153836:0.8586685922309869:0.36704692191646293:-0.35772199793222365:-0.4074058599254434:0.06531755441325432:-0.9109083906947502
062:28:176.20019077313:-459.9882889802258:286.56829882254596:-0.3511167100096969:-0.9240153592036205:0.15136969651941892:0.794170425854785:-0.37952606764345903:-0.4746085545299727:0.49599431433079344:-0.046429626205075764:0.8670836931019592
063:28:71.70280382549933:-469.6205745633365:182.2869528374131:-0.07555964821278098:0.9939295143091527:0.07996737273119714:0.9156638543993671:0.10091282019093739:-0.389071317337516:-0.3947792527025126:0.043825121440984396:-0.9177301991122019
064:28:73.36152909659451:-486.1622744063281:280.93934163452894:-0.11102558377836137:-0.993139838030463:0.03669625149034444:0.8535839209250726:-0.11420519873733175:-0.5082831616377675:0.5089871263928876:-0.0251090801582457:0.860407914515433
065:28:-35.477109824002405:-463.8712104298152:179.35112209759117:0.1813028543406689:0.9817501140245829:-0.057409931693755405:0.9038354380943906:-0.18935195758715015:-0.3837020837733506:-0.3875703296016859:0.01767713402479237:-0.9216706686727056
066:28:-36.2622144195642:-481.4715346190539:277.83100219338615:0.15131514254749417:-0.9843628273153546:-0.09018548614182179:0.8428319660053404:0.17615002824524362:-0.5085329118310611:0.5164670862851691:0.0009375404304082332:0.8563065710183833
067:28:-132.0915888851858:-440.48629892818775:178.31986998070494:0.3440033317105285:0.9277707672240038:-0.1445789232085783:0.8556827418283763:-0.3731504866040989:-0.3585608029259616:-0.3866119805796902:-0.0003675905872848104:-0.9222424304668562
068:28:-134.61092386021193:-458.3778605514578:276.7181349232752:0.3176972783520722:-0.9325491375687661:-0.17152409254855286:0.7945012911734612:0.36054463852379964:-0.4886463690225066:0.5175287789155831:0.01896552068413092:0.8554556345474631
069:28:-220.81050112721013:-386.5481153599496:180.25357620500418:0.6292582520982746:0.7178834776891209:-0.2977873956363303:0.6699712257938413:-0.695247572932218:-0.26032578968946507:-0.3939195755399581:-0.035696796257718086:-0.9184515322244058
070:28:-226.83426269741813:-404.0051163186377:278.5777297274163:0.6099340145597317:-0.7264838661525834:-0.316546219684776:0.6063389906957598:0.6850281220450717:-0.4038435006289154:0.5102288697358902:0.05438359436981911:0.8583176082513937
071:28:-345.4286998047887:-214.8597707482356:191.48153351817888:0.8339713912641761:0.37109981485557403:-0.4083828205925571:0.3642985395283839:-0.9261484647163521:-0.097650856237399:-0.41446144416871916:-0.06733520838750741:-0.9075724605220258
072:28:-354.7571324232113:-230.39681911161267:289.86980634319525:0.8205536760975464:-0.38248833324881487:-0.4247284790797197:0.29526823035128313:0.9199223796442554:-0.2579911773267062:0.48939588333015227:0.08628674208125361:0.8677824209771777
073:28:-370.37033692578274:-114.22280851834653:199.60956174398197:0.8918297967314485:0.10424443653093704:-0.4401960748115797:0.12951491572654625:-0.991191492654692:0.027667425499355337:-0.43343447167529897:-0.08168655751702872:-0.8974753039669704
074:28:-381.31259297816536:-127.83294066780843:298.1169298079512:0.8808517894418624:-0.11645782002177488:-0.4588436999317548:0.05582326069090194:0.9880585575100964:-0.14361122126977988:0.47008908949948314:0.10088602356626096:0.8768343113740285
075:28:-364.9057288527443:-7.423106515650622:209.26202446022273:0.8806905387513666:-0.18704603503766523:-0.43519858436963904:-0.12644193155420574:-0.9782286702069984:0.164563073546666:-0.45650469838548124:-0.08990176216110889:-0.8851673552347437
076:28:-376.91725722220366:-18.59469902671645:307.95141109801096:0.8708080565968825:0.1749137478345125:-0.45945464413668:-0.2055961750733408:0.9784865206102118:-0.017159522369426687:0.44656871717013175:0.10940469409802128:0.8880355830542402
077:28:-341.71537429638374:88.79687197772691:218.54562757826855:0.8328354027548701:-0.37162546196627433:-0.4102189686420906:-0.2884532411803219:-0.9239105462547983:0.25136469699450564:-0.47241916197714745:-0.09101638872146361:-0.8766619841174098
