001:0:0.0:0.0:69.20543511275982:0.9826608036719344:-0.14909568502947837:0.11021922671854618:0.1767989304106068:0.9325595359777794:-0.3147616115755692:-0.05585639149135866:0.32879049699949386:0.9427496000568446
001:1:0.0:0.0:69.20543511275982:0.9826647219130119:-0.14907633871415837:0.11021057079655053:0.17677630633592392:0.9325718935073314:-0.31473766886206217:-0.05585933488159113:0.32876423724919585:0.9427586421516388
001:2:0.0:0.0:69.20543511275982:0.9826763259346644:-0.1490185823336607:0.11018470663789974:0.17670867900194262:0.9326088153944075:-0.31466617980009587:-0.05586811795804483:0.32868560869988167:0.9427854670328615
001:3:0.0:0.0:69.20543511275982:0.9826956910876818:-0.14892267019690142:0.11014180378187122:0.17659642516261265:0.9326701509374279:-0.31454750230592254:-0.05588271246417353:0.328555138807081:0.9428301500513026
001:4:0.0:0.0:69.20543511275982:0.9827226666704845:-0.1487889413824353:0.11008204118659108:0.17643994040958128:0.9327555233824427:-0.31438206964658444:-0.05590305246803601:0.3283732420001385:0.9428923144530125
001:5:0.0:0.0:69.20543511275982:0.9827571019814922:-0.1486176878745735:0.11000558839133674:0.17623956382140327:0.9328647820278722:-0.3141701832252414:-0.055929095584812925:0.328140332708399:0.942971809536411
001:6:0.0:0.0:69.20543511275982:0.9827989970207052:-0.14840924875187067:0.10991267144847804:0.17599570982742332:0.9329976254705563:-0.31391223863354056:-0.055960785301411825:0.3278568253612072:0.9430685599507085
001:7:0.0:0.0:69.20543511275982:0.9828482010865434:-0.14816384064784802:0.10980348815383859:0.1757086986684988:0.9331538276581254:-0.3136086691385242:-0.055998088651862094:0.3275231343879078:0.9431822642927451
001:8:0.0:0.0:69.20543511275982:0.9829046388282169:-0.14788182147875775:0.109678273978637:0.17537892593627688:0.9333330118366295:-0.3132597573056547:-0.05604093499479816:0.32713974956863556:0.9433127718609408
001:9:0.0:0.0:69.20543511275982:0.9829682348949358:-0.14756345497236473:0.10953726439409187:0.17500678722240487:0.9335349519536991:-0.3128659364019742:-0.05608929136424941:0.32670704765734015:0.9434598566029256
001:10:0.0:0.0:69.20543511275982:0.9830388385851201:-0.1472090519506775:0.10938071370911928:0.17459265928083248:0.9337593466061741:-0.31242752666833995:-0.05614310124712339:0.3262254430833664:0.94362329246633
001:11:0.0:0.0:69.20543511275982:0.9831162991971901:-0.1468188196283684:0.10920884797608908:0.17413682467702202:0.9340057436893149:-0.31194486718330683:-0.05620231754917637:0.32569535027605895:0.943802853398784
001:12:0.0:0.0:69.20543511275982:0.9832005413803556:-0.146393106502841:0.1090219685981611:0.1736397731911082:0.9342739925015415:-0.31141831586312707:-0.056266893176164644:0.32511718366476255:0.9439983133479177
001:13:0.0:0.0:69.20543511275982:0.9832914144330369:-0.1459321574641626:0.10882032988425139:0.17310178738855336:0.9345636409381143:-0.3108482117863555:-0.05633677161499574:0.3244913953542169:0.9442094462613613
001:14:0.0:0.0:69.20543511275982:0.9833886923028641:-0.14543622682124932:0.10860423323751978:0.1725232628610047:0.9348743875958735:-0.3102349317069418:-0.056411915190274685:0.32381828674758184:0.9444360260867449
001:15:0.0:0.0:69.20543511275982:0.983492525691417:-0.14490562539610968:0.10837398006112607:0.171904576362412:0.9352057803700794:-0.3095787770280458:-0.05649226267948464:0.32309838530038704:0.9446777514209087
001:16:0.0:0.0:69.20543511275982:0.983602387143166:-0.14434056040341608:0.10812986233938131:0.1712460858090275:0.9355575178575721:-0.30888012450361724:-0.056577776407230634:0.32233203009118727:0.9449343962114829
001:17:0.0:0.0:69.20543511275982:0.983718427359691:-0.14374130498978205:0.10787219089429406:0.1705481491171035:0.9359292233044019:-0.308139237861421:-0.05666839515099582:0.3215196355493272:0.9452056590553075
001:18:0.0:0.0:69.20543511275982:0.9838404956394121:-0.14310816055836745:0.10760128596672162:0.16981112420289224:0.936320519956619:-0.3073564750177093:-0.05676407652596087:0.32066161610415167:0.9454913892508029
001:19:0.0:0.0:69.20543511275982:0.9839682152283796:-0.14244130606729835:0.10731747721637001:0.16903538782034352:0.9367310310602738:-0.30653217505103697:-0.05686477343788205:0.3197583485096104:0.9457912100440192
001:20:0.0:0.0:69.20543511275982:0.9841015861265934:-0.14174105233858336:0.10702111314064278:0.16822131672340707:0.9371603045106264:-0.30566665820226124:-0.05697043408309128:0.318810284870443:0.9461048200317965
001:21:0.0:0.0:69.20543511275982:0.9842404576324737:-0.14100763484344103:0.10671254223694342:0.16736928766603265:0.9376079635537271:-0.3047602823876345:-0.05708100665792045:0.31781776426520436:0.946432068512555
001:22:0.0:0.0:69.20543511275982:0.9843846790444405:-0.14024129847193872:0.10639208474612925:0.16647962088907753:0.9380735560848362:-0.30381327365952643:-0.05719644406812586:0.3167812387986341:0.946772503381555
001:23:0.0:0.0:69.20543511275982:0.984533948959334:-0.13944227869529505:0.1060601362598475:0.165552711984189:0.938556705350004:-0.30282600877188687:-0.0573166945100394:0.31570102871158967:0.9471259739372166
001:24:0.0:0.0:69.20543511275982:0.9846881920263644:-0.13861082040357733:0.10571701701895547:0.1645888811922243:0.9390569592444907:-0.3017988456409681:-0.05744171559884174:0.3145776049465081:0.9474921034255901
001:25:0.0:0.0:69.20543511275982:0.9848473328947415:-0.13774721558109662:0.10536313203394915:0.16358854294252823:0.9395738656635567:-0.3007319914814425:-0.057571450821440405:0.31341132541964173:0.9478707411450954
001:26:0.0:0.0:69.20543511275982:0.9850110701613057:-0.1368516431859791:0.1049988392210808:0.1625520363136555:0.9401069725024622:-0.2996258418849573:-0.057705857793016055:0.31220254804724284:0.948261359640203
001:27:0.0:0.0:69.20543511275982:0.985179328475267:-0.135924385783687:0.10462452475314893:0.16147971922185841:0.9406559783580475:-0.29848069825467227:-0.057844875291051846:0.3109517437717486:0.9486638082093329
001:28:0.0:0.0:69.20543511275982:0.9853518064334655:-0.13496568826428776:0.10424058422180078:0.16037198725878424:0.941220129722413:-0.29729688083144473:-0.05798847034957718:0.3096592705094113:0.9490776347477455
001:29:0.0:0.0:69.20543511275982:0.9855284286851114:-0.1339757766801512:0.10384741321868358:0.1592291983406852:0.9417992758939787:-0.2960746533430395:-0.05813658174607522:0.3083255238518781:0.9495027639046508
001:30:0.0:0.0:69.20543511275982:0.9857088938270447:-0.13295489592134463:0.10344537907889838:0.1580516350330236:0.9423927387156352:-0.2948143737057089:-0.058289167095726624:0.3069508617154014:0.949938743575309
001:31:0.0:0.0:69.20543511275982:0.9858932018592657:-0.1319032720402379:0.10303489623178988:0.15683975885938797:0.9430002921350127:-0.29351634332261267:-0.05844616988543892:0.3055356985293259:0.9503851216549807
001:32:0.0:0.0:69.20543511275982:0.9860809760278243:-0.13082118760229342:0.10261638852555156:0.15559389947948427:0.9436211826442115:-0.2921808447592132:-0.05860754773039276:0.3040804487229963:0.9508418227928755
001:33:0.0:0.0:69.20543511275982:0.9862721409819308:-0.12970885924103218:0.10219023271413319:0.15431439597186733:0.9442550334892819:-0.29080823593176264:-0.05877324411749569:0.30258548905036226:0.951308394884254
001:34:0.0:0.0:69.20543511275982:0.9864665460200052:-0.12856650358997537:0.10175686206457699:0.1530016533470331:0.9449014679162742:-0.2893988182434209:-0.05894322137135273:0.3010512339407687:0.9517845365259564
001:35:0.0:0.0:69.20543511275982:0.9866638897388876:-0.12739442205228274:0.10131669100622767:0.15165600126468765:0.9455599584696586:-0.28795283658425525:-0.05911741826944704:0.29947796595967785:0.9522699463148226
001:36:0.0:0.0:69.20543511275982:0.9868640214369984:-0.1261928218426267:0.10087013396842998:0.150277807059932:0.9462299023431157:-0.2864707430590055:-0.0592957877175349:0.29786619372492185:0.9527642474969032
001:37:0.0:0.0:69.20543511275982:0.9870667150619674:-0.12496194785107459:0.10041760538052864:0.14886745690556458:0.9469109981334856:-0.28495270720694893:-0.05947829204022135:0.296216275152753:0.9532671386690383
001:38:0.0:0.0:69.20543511275982:0.9872719706137947:-0.1237020826430887:0.09995954792841465:0.14742528988014025:0.9476026430344486:-0.2833991434574303:-0.05966486530556516:0.2945285681594236:0.953778243077278
001:39:0.0:0.0:69.20543511275982:0.9874793359877407:-0.12241341459564392:0.09949636662258395:0.14595169215645748:0.9483043095904753:-0.28181033437591196:-0.059855465128746996:0.2928035248496733:0.9542973346692526
001:40:0.0:0.0:69.20543511275982:0.9876887358330154:-0.12109623569305132:0.09902849473007878:0.14444700281307105:0.9490155456968257:-0.28018656252785623:-0.060050044415523134:0.2910414843020569:0.9548239613402223
001:41:0.0:0.0:69.20543511275982:0.9878999440972489:-0.11975080966307572:0.09855638435563885:0.1429116174416282:0.9497359745995501:-0.27852820466721284:-0.06024855607164986:0.28924286094591917:0.9553578216870273
001:42:0.0:0.0:69.20543511275982:0.9881128854296514:-0.11837735313923824:0.09808043109091141:0.1413458562829862:0.9504648427907492:-0.2768355621971416:-0.060450948293459074:0.2874080503729073:0.9558986896572979
001:43:0.0:0.0:69.20543511275982:0.9883271830762729:-0.1169761298493037:0.09760110587833364:0.13975013376648987:0.9512018488672629:-0.27510903070928977:-0.06065716456785832:0.28553748585006355:0.9564460377955042
001:44:0.0:0.0:69.20543511275982:0.9885427616863236:-0.11554742235873441:0.09711881372840155:0.13812479838954264:0.9519464653735618:-0.2733487420675398:-0.06086716251002825:0.28363144994285017:0.9569996400492764
001:45:0.0:0.0:69.20543511275982:0.9887593198566437:-0.11409146613874899:0.09663400674585482:0.13647021748724555:0.952698089503326:-0.27155522372742125:-0.06108089502572513:0.28169041359370445:0.9575591950154548
001:46:0.0:0.0:69.20543511275982:0.9889767822364431:-0.11260853433596099:0.09614710877888695:0.13478673955700216:0.9534563445026061:-0.2697287205790015:-0.06129831031128089:0.27971479123197107:0.9581242505892997
001:47:0.0:0.0:69.20543511275982:0.9891948474225621:-0.11109887184043778:0.0956585436756914:0.13307474135276218:0.9542206275650822:-0.26786955286313785:-0.061519356563027434:0.27770492193620483:0.9586945807184412
001:48:0.0:0.0:69.20543511275982:0.989413440064211:-0.10956278005533912:0.09516879179755412:0.1313346184661729:0.9549904865860147:-0.2659781350091751:-0.0617439913961454:0.2756612578111455:0.9592698086489294
001:49:0.0:0.0:69.20543511275982:0.9896321834074395:-0.1080005038707324:0.09467824873612236:0.1295667005569403:0.9557653941098739:-0.264054693069483:-0.061972153588117966:0.2735841944484401:0.9598495576268148
001:50:0.0:0.0:69.20543511275982:0.9898510774522481:-0.10641232585207992:0.09418735717728707:0.1277713926355604:0.9565448980319202:-0.2620996603111038:-0.06220380546355015:0.27147407092664366:0.9604334508981475
001:51:0.0:0.0:69.20543511275982:0.9900698207954768:-0.10479852856484399:0.09369655980693922:0.12594904319943673:0.9573284708966239:-0.26011335697489485:-0.06243888579992512:0.26933135818819326:0.9610213377613476
001:52:0.0:0.0:69.20543511275982:0.9902881873847557:-0.10315935689909196:0.09320627105442354:0.12410001016482157:0.9581156605992452:-0.25809612213941086:-0.06267735221242351:0.2671564518247362:0.9616126907608855
001:53:0.0:0.0:69.20543511275982:0.9905061018692949:-0.1014951499333786:0.09271695244332848:0.12222469854221087:0.9589057889826746:-0.25604829488320663:-0.06291917173507476:0.26494967207712966:0.9622072838443912
001:54:0.0:0.0:69.20543511275982:0.9907232628459345:-0.09980615255777127:0.09222902782184753:0.12032346624785693:0.9596985546437524:-0.25397027079792944:-0.06316427372651326:0.26271154640090344:0.9628047402579152
001:55:0.0:0.0:69.20543511275982:0.9909395196130948:-0.09809266617542975:0.09174290220047665:0.11839668061686075:0.9604933547761588:-0.25186235128673906:-0.0634126063830709:0.2604424138746122:0.9634046832475075
001:56:0.0:0.0:69.20543511275982:0.9911546461184058:-0.09635497335181638:0.09125903710280432:0.1164446995654746:0.9612898126259442:-0.24972496961667773:-0.06366413202935275:0.2581426889276008:0.9640068114100084
001:57:0.0:0.0:69.20543511275982:0.9913684916602876:-0.09459337549009096:0.09077781870162903:0.11446792810419447:0.9620872500359988:-0.24755840835320772:-0.06391878944284195:0.25581276715151635:0.9646108986930481
001:58:0.0:0.0:69.20543511275982:0.9915808301863703:-0.09280819283111078:0.09029969910169049:0.11246673356812137:0.9628852902523731:-0.2453631196010688:-0.06417654565756788:0.25345308181340115:0.9652164929918867
001:59:0.0:0.0:69.20543511275982:0.9917915109950742:-0.09099969852148941:0.08982509273233343:0.11044148329235631:0.9636834811703273:-0.24313942360111823:-0.06443735357928686:0.25106402850490245:0.9658232929033647
001:60:0.0:0.0:69.20543511275982:0.9920003833848192:-0.08916821280208415:0.08935441402290258:0.10839254461200032:0.9644812953343318:-0.2408876782696083:-0.06470113785720889:0.2486460404930624:0.966430997024322
001:61:0.0:0.0:69.20543511275982:0.9922072213032356:-0.08731404649490354:0.08888808682159141:0.10632031311870063:0.9652782052888569:-0.23860833571127868:-0.06496787023478778:0.24619951336952833:0.9670393039515989
001:62:0.0:0.0:69.20543511275982:0.9924117986979534:-0.08543751984080487:0.08842650672004718:0.10422517498525573:0.9660738342799527:-0.23630173500468418:-0.06523749890835544:0.2437248992390399:0.9676477615804557
001:63:0.0:0.0:69.20543511275982:0.9926139648673927:-0.08353895308064546:0.08797009756646336:0.10210747870906917:0.9668675795012999:-0.23396829057916954:-0.06550996736481936:0.24122261253094185:0.9682562192093125
001:64:0.0:0.0:69.20543511275982:0.9928135691099738:-0.08161863819873635:0.08751924553363843:0.09996761046293944:0.9676590641989484:-0.231608322675592:-0.06578523792878462:0.238692954648394:0.9688642247334296
001:65:0.0:0.0:69.20543511275982:0.9930103853733266:-0.07967694253017855:0.08707436505091716:0.09780596583851377:0.9684478362681587:-0.22922230223638884:-0.06606324937773433:0.23613652839771593:0.9694716274512272
001:66:0.0:0.0:69.20543511275982:0.9932042629558714:-0.077714181606405:0.08663585170994678:0.09562293100859066:0.9692333682534011:-0.22681060601550976:-0.06634395461742483:0.23355363518206748:0.9700778999071754
001:67:0.0:0.0:69.20543511275982:0.993395051156028:-0.07573068037769734:0.08620410110237452:0.09341886388942242:0.970015132699146:-0.22437368611769445:-0.06662730655361235:0.23094478361928078:0.9706828913996944
001:68:0.0:0.0:69.20543511275982:0.9935825239214269:-0.07372679676030786:0.08577948998215015:0.091194169491505:0.9707928282022333:-0.22191186278380026:-0.06691326751090194:0.22831033162560815:0.9712862251748345
001:69:0.0:0.0:69.20543511275982:0.993766530550488:-0.07170285099509384:0.08536240452207217:0.0889492151499394:0.9715659273071338:-0.21942560695626437:-0.06720176213850364:0.22565075014348673:0.9718876751802259
001:70:0.0:0.0:69.20543511275982:0.9939469956924214:-0.0696592245454294:0.08495322147609033:0.08668439645637291:0.9723340532598974:-0.21691533306443148:-0.06749276217987123:0.22296643476456382:0.9724868646619187
001:71:0.0:0.0:69.20543511275982:0.9941235425932773:-0.06759621881447438:0.08455232701700313:0.0844000807459065:0.9730967539557847:-0.21438141786225137:-0.0677862158313366:0.22025785643127657:0.9730834922167532
001:72:0.0:0.0:69.20543511275982:0.9942961712530558:-0.06551421997502724:0.0841600696422141:0.08209666361018746:0.9738535019392656:-0.21182435112985873:-0.0680820665798073:0.21752541073527226:0.9736773317923595
001:73:0.0:0.0:69.20543511275982:0.9944647309701768:-0.06341356710564279:0.08377681668682425:0.07977452180316551:0.9746039204563907:-0.2092445284589008:-0.06838027204046397:0.21476954978129056:0.9742680066347877
001:74:0.0:0.0:69.20543511275982:0.9946289956922707:-0.061294679345090114:0.08340293548593461:0.07743409330130724:0.9753475574024202:-0.20664240195411723:-0.0686807709907898:0.2119907821871637:0.9748552906916682
001:75:0.0:0.0:69.20543511275982:0.9947888900685473:-0.059157858096529035:0.08303876511809993:0.0750757077643187:0.9760840360234042:-0.20401838604485287:-0.06898353046481416:0.2091894093560514:0.9754388825598411
001:76:0.0:0.0:69.20543511275982:0.994944188046637:-0.05700350366103116:0.08268465408072376:0.07269977962154463:0.9768130549161832:-0.20137295167354483:-0.0692884939494446:0.20636599641887834:0.9760185561869366
001:77:0.0:0.0:69.20543511275982:0.9950946635741698:-0.0548319833736975:0.0823409508712096:0.0703066809175104:0.9775340112744373:-0.19870649443184035:-0.06959560493158864:0.20352090129189682:0.9765939348190048
001:78:0.0:0.0:69.20543511275982:0.9952403166511457:-0.05264367398847781:0.08200796631156602:0.06789682608156075:0.9782466036950068:-0.19601954177526915:-0.06990482573585133:0.20065463259293898:0.9771647924036759
001:79:0.0:0.0:69.20543511275982:0.9953809965759848:-0.0504389616781706:0.08168603948034779:0.0654705824487967:0.978950380073152:-0.1933124704577809:-0.07021610455856456:0.19776758591365207:0.9777309028885801
001:80:0.0:0.0:69.20543511275982:0.9955164772963172:-0.04821822319672562:0.08137549061841222:0.06302834090144109:0.9796450390057132:-0.19058578909720786:-0.07052938488663586:0.19486025103417076:0.9782919648705575
001:81:0.0:0.0:69.20543511275982:0.9956466834613531:-0.04598189181118509:0.0810766211289191:0.06057054883480929:0.9803302037387405:-0.1878399497982897:-0.07084462904467029:0.19193308005923476:0.9788476769464485
001:82:0.0:0.0:69.20543511275982:0.9957713890187225:-0.04373031601895253:0.08078974183387698:0.05809754532745607:0.981005497518284:-0.18507542350346362:-0.0711617711007266:0.18898648741818883:0.979397813063883
001:83:0.0:0.0:69.20543511275982:0.9958905939684255:-0.04146390553994831:0.08051514471759692:0.055609740099301794:0.9816704682396044:-0.1822926623174693:-0.07148077337940983:0.1860209817288651:0.9799422225212812
001:84:0.0:0.0:69.20543511275982:0.9960040722580922:-0.03918305361110749:0.08025313118323874:0.05310750990429621:0.9823248898503315:-0.17949217485813895:-0.07180159349590065:0.18303697742060834:0.9804805285646933
001:85:0.0:0.0:69.20543511275982:0.9961117485369325:-0.03688817466177479:0.08000396495856724:0.050591269171784053:0.9829683102457257:-0.17667439439251478:-0.07212417493710659:0.18003492659815823:0.9810125051417495
001:86:0.0:0.0:69.20543511275982:0.9962134721033669:-0.034579687830719325:0.0797679380278935:0.048061427621685686:0.9836004280226273:-0.17383982953842894:-0.07244845648051078:0.17701535671704444:0.98153800155087
001:87:0.0:0.0:69.20543511275982:0.9963091676066049:-0.03225798164545178:0.07954532353783111:0.04551834787967775:0.9842209417778762:-0.17098895123831864:-0.07277440986956703:0.17397862569351924:0.9820566410381049
001:88:0.0:0.0:69.20543511275982:0.9963986843450672:-0.029923484663589992:0.07933634754074989:0.04296246321280246:0.984829474757523:-0.16812228694771356:-0.07310196917233411:0.17092529865850728:0.9825683482526641
001:89:0.0:0.0:69.20543511275982:0.9964818716171734:-0.027576611314478708:0.07914128318326344:0.04039413624673646:0.9854258009091977:-0.1652402510959584:-0.07343108729456832:0.16785577120365577:0.9830728971421782
001:90:0.0:0.0:69.20543511275982:0.9965587294229237:-0.025217778382174837:0.07896036122716597:0.037813793184385415:0.9860094681281606:-0.1623434464893728:-0.07376172185145029:0.1647705519467969:0.9835699863034869
001:91:0.0:0.0:69.20543511275982:0.9966290317099483:-0.02284743090728153:0.07879383127194921:0.03522183668153313:0.9865803257128316:-0.15943226871960398:-0.07409382574873631:0.1616701118303679:0.9840593896842207
001:92:0.0:0.0:69.20543511275982:0.996692853829037:-0.020465973900294778:0.07864190053228552:0.03261864820155372:0.9871379969092613:-0.15650730175527405:-0.07442733776390954:0.1585549029591084:0.9845409565827995
001:93:0.0:0.0:69.20543511275982:0.9967498943770302:-0.018073822967915407:0.07850480918881786:0.030004613917245692:0.9876822556650796:-0.15356895060687903:-0.07476223434984815:0.1554253397623632:0.9850144609468535
001:94:0.0:0.0:69.20543511275982:0.9968001533539277:-0.015671436101663588:0.0783827456185211:0.027380164740939086:0.9882128005771268:-0.15061782749958727:-0.0750984307369134:0.15228199678990564:0.9854797520748029
001:95:0.0:0.0:69.20543511275982:0.9968435554089397:-0.013259241859157167:0.07827590290779451:0.02474569155485677:0.9887294055930329:-0.14765438453813845:-0.07543590808740783:0.14912532614647545:0.9859366792650676
001:96:0.0:0.0:69.20543511275982:0.996880025191276:-0.01083768292628711:0.07818448356188609:0.022101601724206915:0.9892317693096383:-0.14467913975921354:-0.0757745863411171:0.14595575168026612:0.986384865763698
001:97:0.0:0.0:69.20543511275982:0.9969094119993571:-0.008407201400266335:0.07810866653892196:0.019448304968909886:0.989719665674573:-0.1416926488748884:-0.07611444666034373:0.14277381968450473:0.986824311570694
001:98:0.0:0.0:69.20543511275982:0.9969316404823927:-0.005968227016068782:0.07804861666875514:0.016786182752339812:0.9901927932846774:-0.13869537340875143:-0.07645541369429777:0.13957995400738482:0.9872547906336858
001:99:0.0:0.0:69.20543511275982:0.9969467859911729:-0.0035212086407049037:0.07800451761893613:0.014115655390621885:0.9906510767891612:-0.13568790674827358:-0.07679746860528175:0.13637470094213353:0.9876760769003036
001:100:0.0:0.0:69.20543511275982:0.9969546224733279:-0.001066582999700443:0.07797648241564988:0.011437105524486332:0.9910941394340749:-0.1326706727416483:-0.07714053133308131:0.13315845608039809:0.9880880950197574
001:101:0.0:0.0:69.20543511275982:0.9969551499288576:0.0013951866909067646:0.07796468530759812:0.008750959945516858:0.9915219812194184:-0.12964425535749768:-0.07748456891172587:0.12993177513425438:0.9884906942904672
001:102:0.0:0.0:69.20543511275982:0.996948293006972:0.0038636794527287196:0.07796924403039018:0.006057591875594941:0.991934150040452:-0.12660917263250268:-0.07782953895639608:0.1266951007895934:0.9888836486600633
001:103:0.0:0.0:69.20543511275982:0.9969339763568812:0.00633839248112896:0.07799030928560594:0.0033574610722748952:0.9923306458971759:-0.1235659708598904:-0.0781753802445751:0.12344896992079352:0.9892668827777557
001:104:0.0:0.0:69.20543511275982:0.9969121999785853:0.008818922825984659:0.07802795642403536:0.0006509155178669533:0.9927113180880098:-0.12051513040094683:-0.07852205039144358:0.12019379695719946:0.9896402459419644
001:105:0.0:0.0:69.20543511275982:0.9968828131705043:0.011304782473195276:0.07808230789071212:-0.002061599231932444:0.9930757898590044:-0.1174572446431428:-0.07886948346506033:0.11693013761088716:0.9900035121003197
001:106:0.0:0.0:69.20543511275982:0.9968458912834282:0.013795556993416074:0.07815347671182113:-0.004779719300505807:0.9934241365609493:-0.11439280336661302:-0.07921766062772784:0.1136584439865963:0.9903566812528214
001:107:0.0:0.0:69.20543511275982:0.996801283615777:0.016290726583932002:0.07824149585333301:-0.007502977203899463:0.9937559814398949:-0.11132238112113084:-0.07956648769095868:0.11037925295870528:0.9906995273470999
001:108:0.0:0.0:69.20543511275982:0.9967490655183407:0.018789915668149394:0.07834649717913016:-0.01023104548995005:0.994071399846631:-0.10824647710567971:-0.07991595523590411:0.10709301663195381:0.991032050383155
001:109:0.0:0.0:69.20543511275982:0.9966892369911193:0.021292605032031245:0.07846852307403193:-0.012963464106764232:0.9943702410795779:-0.1051655811003943:-0.08026600674947165:0.10380016827338412:0.991354024308617
001:110:0.0:0.0:69.20543511275982:0.9966215719817431:0.023798350812330494:0.07860762063228204:-0.0156998315759143:0.9946522790863657:-0.10208036184353544:-0.08061658571856886:0.10050135778355952:0.9916654491234858
001:111:0.0:0.0:69.20543511275982:0.9965461458410019:0.026306729160853668:0.0787638416575486:-0.018439782917011427:0.9949174385162043:-0.09899123376444785:-0.08096765446780076:0.0971969430787323:0.9919662494769713
001:112:0.0:0.0:69.20543511275982:0.9964630339196856:0.02881722204091985:0.07893721911580219:-0.02118284718761842:0.9951656440183039:-0.09589881850714864:-0.08131914706522612:0.09388750812752458:0.992256199316704
001:113:0.0:0.0:69.20543511275982:0.9963720101654243:0.03132940795904775:0.07912777655416467:-0.023928667648839098:0.9953968202418745:-0.09280356817637751:-0.08167102583545:0.0905734485215836:0.9925352986426836
001:114:0.0:0.0:69.20543511275982:0.9962733759813781:0.033842832455785475:0.07933552810090917:-0.026676828693972636:0.9956109671869161:-0.08970611383500031:-0.08202322484653116:0.08725538590492644:0.9928034721041203
001:115:0.0:0.0:69.20543511275982:0.996166829964387:0.0363570128151349:0.07956046904661132:-0.02942690882953775:0.9958078588010589:-0.08660693584430297:-0.08237571584192338:0.08393373470689786:0.9930605689994342
001:116:0.0:0.0:69.20543511275982:0.9960525228160308:0.038871496932356316:0.07980262764781734:-0.03217850539975063:0.9959875704350928:-0.08350658991636138:-0.08272844230853421:0.0806090223830275:0.9933066646794152
001:117:0.0:0.0:69.20543511275982:0.9959303791855197:0.04138587508752936:0.08006194739143477:-0.03493126519778339:0.9961499513874379:-0.08040561292555394:-0.08308136657096865:0.07728172929460132:0.9935416837932733
001:118:0.0:0.0:69.20543511275982:0.9958003990728538:0.043899600987426894:0.08033842827746361:-0.03768468666994041:0.9962950770088841:-0.07730454174625907:-0.08343441327843677:0.07395236876887584:0.9937654002886387
001:119:0.0:0.0:69.20543511275982:0.9956628085304027:0.04641228610453822:0.08063200437396266:-0.04043843780180346:0.9964227965978516:-0.07420393679997703:-0.08378755417439232:0.07062146826138074:0.9939780402178813
001:120:0.0:0.0:69.20543511275982:0.9955173815057966:0.048923454787001774:0.08094265684323441:-0.04319209474517908:0.9965332608559202:-0.07110429728569125:-0.08414072332689411:0.06728947987685571:0.9941793021778412
001:121:0.0:0.0:69.20543511275982:0.9953641933498256:0.05143266905835097:0.08127032917218642:-0.04594526661784438:0.9966263944323:-0.0680061600777801:-0.08449390189824464:0.06395690281428419:0.9943692615193085
001:122:0.0:0.0:69.20543511275982:0.9952032440624896:0.05393942971960238:0.08161493659117999:-0.048697506024484034:0.9967021973269911:-0.06491012798256322:-0.08484699569995648:0.060624325751712664:0.994547993593073
001:123:0.0:0.0:69.20543511275982:0.9950346843453686:0.05644331763198689:0.08197640374942516:-0.051448431501723915:0.9967605941892033:-0.061816662523629065:-0.08519999531318087:0.057292163118485874:0.9947153476975549
001:124:0.0:0.0:69.20543511275982:0.9948584388476724:0.05894389952846229:0.08235465529613199:-0.05419766158618989:0.9968018110713066:-0.05872628173765854:-0.08555282538712787:0.0539609046947385:0.9948713238327541
001:125:0.0:0.0:69.20543511275982:0.9946745829201913:0.06144069033831827:0.08274959704281304:-0.05694476301083974:0.9968257726225112:-0.05563961197809311:-0.08590546708409999:0.05063114857736578:0.9950159219986706
001:126:0.0:0.0:69.20543511275982:0.9944831919137149:0.06393325208508822:0.08316110654443462:-0.059689326055753104:0.9968324034920268:-0.052557138315643105:-0.08625783563445855:0.04730335628995617:0.9951492175460945
001:127:0.0:0.0:69.20543511275982:0.9942841904774535:0.06642118917712492:0.08358908019366057:-0.062431021061223946:0.9968220804338035:-0.04947928459850198:-0.08660991220050604:0.043977914005308164:0.9952711351242357
001:128:0.0:0.0:69.20543511275982:0.9940778046637768:0.0689040212531424:0.0840333955454572:-0.06516938650366381:0.9967945020446813:-0.04640665834241373:-0.08696163085030126:0.040655419820317:0.9953817500838843
001:129:0.0:0.0:69.20543511275982:0.9938639591218951:0.07138127266127914:0.08449388306054714:-0.06790399382545487:0.9967500450786101:-0.04333987648197108:-0.0873129444896005:0.037336469477165735:0.9954809870742501
001:130:0.0:0.0:69.20543511275982:0.993642653851808:0.07385255251931222:0.08497042971274546:-0.0706344898197692:0.9966886341847998:-0.040279353446518756:-0.08766379660531128:0.0340214444392285:0.9955689967969132
001:131:0.0:0.0:69.20543511275982:0.9934141902566757:0.07631742756019944:0.08546287538162349:-0.07336047889495957:0.9966104954156203:-0.037225630819859544:-0.08801415894088738:0.03071087216203494:0.9956457039010838
001:132:0.0:0.0:69.20543511275982:0.993178417634918:0.07877539858495737:0.08597104110905512:-0.0760814853991644:0.9965156287710716:-0.03417921486511342:-0.0883639655643876:0.027405254199280686:0.9957111837375514
001:133:0.0:0.0:69.20543511275982:0.992935562038905:0.08122613593387998:0.08649477619346044:-0.07879722205749702:0.9964041849527335:-0.03114064245665879:-0.08871318821926567:0.024105103878222272:0.9957655116571063
001:134:0.0:0.0:69.20543511275982:0.9926855481178465:0.08366913098913509:0.08703386400131834:-0.08150719438039837:0.9962762393113963:-0.0281104434047375:-0.08906174213588294:0.02081094394496499:0.9958086876597484
001:135:0.0:0.0:69.20543511275982:0.9924285265733226:0.08610398815907547:0.08758812557450268:-0.08421103503276742:0.9961320178994294:-0.025089050976391768:-0.0894096084765419:0.017523205311838867:0.9958407870962677
001:136:0.0:0.0:69.20543511275982:0.9921646481069131:0.0885303024332051:0.08815736311718984:-0.08690837667950317:0.995971671418413:-0.022077063268516835:-0.0897567307281501:0.01424246723804166:0.995861885317454
001:137:0.0:0.0:69.20543511275982:0.991893912718618:0.09094765938217929:0.08874135999585872:-0.08959881431010965:0.995795275219137:-0.01907491472551101:-0.09010304295876631:0.010969170054752144:0.9958720576740975
001:138:0.0:0.0:69.20543511275982:0.9916163957592274:0.09335564457665327:0.08933990899583695:-0.09228195233293958:0.9956030553539713:-0.016083106901069913:-0.09044852633069307:0.007703811194919609:0.995871304166198
001:139:0.0:0.0:69.20543511275982:0.991332323281111:0.0957538153307361:0.08995275580820843:-0.0949573668997995:0.9953950871737056:-0.013102184911064593:-0.09079311491198915:0.004446943427229711:0.9958598508461253
001:140:0.0:0.0:69.20543511275982:0.9910416952842688:0.0981417101208393:0.09057966496175458:-0.09762459648710096:0.99517174743229:-0.010132607924371316:-0.09113675218956209:0.0011990325431867402:0.9958376977138796
001:141:0.0:0.0:69.20543511275982:0.9907445117687008:0.10051908405689557:0.09122040098525679:-0.10028342446132285:0.9949330361297242:-0.007174919290826998:-0.09147940990686566:-0.0020393822281187146:0.9958049201202508
001:142:0.0:0.0:69.20543511275982:0.9904411494883568:0.10288542852107271:0.09187470015095024:-0.102933342204633:0.9946792546691682:-0.004229533145437348:-0.09182101271310993:-0.005267866736627364:0.9957615934160288
001:143:0.0:0.0:69.20543511275982:0.990131533092447:0.10524040443481596:0.09254231756876757:-0.10557402005732537:0.9944105537522019:-0.0012969043891627931:-0.09216155118944613:-0.008485958870072708:0.9957079436535835
001:144:0.0:0.0:69.20543511275982:0.9898157379317609:0.10758357853108307:0.09322295183554902:-0.10820500591466026:0.9941273101327749:0.0016224231866512158:-0.09250093114738682:-0.011693089818292323:0.9956438954821248
001:145:0.0:0.0:69.20543511275982:0.9894940654094588:0.10991457405592431:0.09391632980468095:-0.1108259230226879:0.9938295238108873:0.00452791844723723:-0.09283913374923453:-0.014888713288059062:0.9955698256556027
001:146:0.0:0.0:69.20543511275982:0.9891665155255405:0.11223302367423864:0.0946221689107011:-0.11343642288400477:0.9935175715404889:0.007419275427180582:-0.09317609306304804:-0.018072498442310795:0.9954855834724372
001:147:0.0:0.0:69.20543511275982:0.9888332389815858:0.11453844702474016:0.09534014891275215:-0.11603598746192996:0.9931916793739495:0.01029584834666427:-0.09351177141343238:-0.02124376359186968:0.995391470335788
001:148:0.0:0.0:69.20543511275982:0.9884943864791748:0.11683060863621023:0.09606998724537179:-0.11862436244754737:0.992851998012849:0.013157253387601977:-0.09384611228729509:-0.024402110790376286:0.9952875615964452
001:149:0.0:0.0:69.20543511275982:0.9881500333690973:0.11910911291700163:0.09681137308655145:-0.12120118050575601:0.9924989042111372:0.01600306670180023:-0.09417906859039243:-0.027547083223666537:0.9951740833067785
001:150:0.0:0.0:69.20543511275982:0.9878004810545132:0.1213735171812234:0.09756395793888764:-0.1237659330187237:0.9921326993719738:0.018832806750616993:-0.0945105932284807:-0.0306781487267864:0.995051035466788
001:151:0.0:0.0:69.20543511275982:0.9874456541846325:0.12362360479535442:0.09832745923691803:-0.12631839393408056:0.9917536095477287:0.021645993172766324:-0.09484065794501366:-0.03379480574604026:0.9949186441288436
001:152:0.0:0.0:69.20543511275982:0.987085854162615:0.12585882946616753:0.09910150022669285:-0.12885798870205326:0.9913617854399819:0.024442249214298474:-0.09516916855150388:-0.0368966210143859:0.994777059994525
001:153:0.0:0.0:69.20543511275982:0.9867211563392506:0.1280790122355366:0.09988575124850607:-0.13138451952681815:0.9909576791534731:0.027221108642200616:-0.09549609679140512:-0.03998308826870333:0.9946264337654124
001:154:0.0:0.0:69.20543511275982:0.9863517114161194:0.13028371041757073:0.10067987322380292:-0.13389749662824052:0.990541516740572:0.029982135834718343:-0.09582141440817116:-0.0430537130194335:0.9944669914938754
001:155:0.0:0.0:69.20543511275982:0.985977745445591:0.13247262260911002:0.10148350823633112:-0.1363965715089169:0.9901136749552284:0.032724850430565715:-0.09614506488870952:-0.046107972520471115:0.9942988085307041
001:156:0.0:0.0:69.20543511275982:0.9855993337784555:0.13464537205620475:0.10229625127559469:-0.13888133915835127:0.9896743798498123:0.035448823872124884:-0.09646695404453277:-0.0491453769916815:0.9941221109282682
001:157:0.0:0.0:69.20543511275982:0.9852167024670828:0.13680170444993886:0.1031178197761313:-0.14135148875453507:0.9892239328274833:0.03815378301278228:-0.09678711013218713:-0.05216560619220736:0.9939371247389378
001:158:0.0:0.0:69.20543511275982:0.9848300022130527:0.13894122419866506:0.10394774279550376:-0.14380658703042612:0.9887627859929814:0.040839143883915775:-0.0971054201254877:-0.0551679866743635:0.9937439253135026
001:159:0.0:0.0:69.20543511275982:0.9844394590687351:0.14106360164267737:0.10478570009285477:-0.14624623839437714:0.9882911653986761:0.043504598018229014:-0.09742186518673697:-0.05815215581247328:0.9935428140551226
001:160:0.0:0.0:69.20543511275982:0.9840450730341299:0.14316862956730336:0.10563127723883962:-0.14867017911862332:0.9878093724477275:0.046149679182709166:-0.09773637938399372:-0.06111759086043143:0.9933338663145876
001:161:0.0:0.0:69.20543511275982:0.983647220863187:0.14525579935471092:0.10648407864181106:-0.15107785349108876:0.987317859244875:0.048773972948011494:-0.09804893446071176:-0.064063773781557:0.9931174588458475
001:162:0.0:0.0:69.20543511275982:0.9832459779066963:0.14732497914101758:0.10734370871012182:-0.15346902604055485:0.9868169271932787:0.051377111979035:-0.09835945506610111:-0.06699028072765655:0.9928936669996921
001:163:0.0:0.0:69.20543511275982:0.9828415702170276:0.1493758298476686:0.10820980010867091:-0.15584330117537437:0.9863068776960984:0.05395878545377112:-0.09866793178131301:-0.06989670668823407:0.9926626414777013
001:164:0.0:0.0:69.20543511275982:0.9824340731449709:0.15140801239610915:0.10908188189502113:-0.15820030214159755:0.9857881628580736:0.05651844236956835:-0.09897428925555755:-0.07278243472869685:0.9924247590338251
001:165:0.0:0.0:69.20543511275982:0.982023863444476:0.15342130073396945:0.10995957731522273:-0.16053968044182088:0.9852610840823641:0.05905581428923747:-0.09927847097574224:-0.07564709280451948:0.9921800196680632
001:166:0.0:0.0:69.20543511275982:0.9816109411155428:0.15541529926960218:0.11084244368338472:-0.16286097455245588:0.9847260934737099:0.06157048678343377:-0.09958044868532086:-0.07849017700729419:0.9919289508359455
001:167:0.0:0.0:69.20543511275982:0.9811956075613312:0.15738986672027624:0.11173009482670863:-0.1651639584211327:0.9841833417336906:0.06406212548302682:-0.09988016587120094:-0.08131125406997873:0.9916715525374717
001:168:0.0:0.0:69.20543511275982:0.9807780134834211:0.15934463575089058:0.11262201270851353:-0.16744817994311165:0.9836334316686259:0.06653023589845758:-0.10017754718259252:-0.08410974473337537:0.991408126175802
001:169:0.0:0.0:69.20543511275982:0.9803583849341823:0.1612793614713779:0.11351787708794213:-0.16971328120214046:0.9830767400324656:0.06897465319987302:-0.10047260203834436:-0.08688537585087054:0.991138822452516
001:170:0.0:0.0:69.20543511275982:0.9799369479659845:0.1631937989916708:0.11441718876601101:-0.17195894195736186:0.9825135682283695:0.0713949488296553:-0.10076522683112027:-0.08963761054808582:0.9908639427707736
001:171:0.0:0.0:69.20543511275982:0.979513853280408:0.16508764690860953:0.11531950505682918:-0.17418474777943105:0.9819442930102874:0.0737906377170941:-0.1010554121420715:-0.09236585543755035:0.9905838638845246
001:172:0.0:0.0:69.20543511275982:0.9790894022806123:0.1669606414944292:0.11622438327450571:-0.17639032191439835:0.9813693664829589:0.07616155032291204:-0.10134307320155937:-0.09506981853495308:0.990298585793769
001:173:0.0:0.0:69.20543511275982:0.9786635949665974:0.16881263204754995:0.11713139957084712:-0.17857541947219635:0.9807891654003339:0.07850727221776438:-0.10162818175303763:-0.09774900064131058:0.9900085606032464
001:174:0.0:0.0:69.20543511275982:0.9782368834431031:0.17064320413862707:0.11804003590917246:-0.18073949415959795:0.9802041418671519:0.08082744548539886:-0.10191068128341384:-0.10040288371994191:0.9897138636637468
001:175:0.0:0.0:69.20543511275982:0.9778093430609194:0.17245226357917307:0.11894991553553201:-0.18288237643732574:0.9796145972865729:0.08312176401323129:-0.10219054353614174:-0.10303107217919985:0.9894147963784301
001:176:0.0:0.0:69.20543511275982:0.977381199872416:0.17423950896602816:0.11986051099439608:-0.18500357652524504:0.9790210591141264:0.08538976627767324:-0.1024676931604314:-0.10563297263161353:0.9891117355012459
001:177:0.0:0.0:69.20543511275982:0.9769527552807529:0.1760047142468225:0.12077142669411746:-0.18710279302019606:0.9784239041037622:0.08763145227872468:-0.10274210189973658:-0.10820845321330053:0.9888048317337742
001:178:0.0:0.0:69.20543511275982:0.9765240846367199:0.17774772871997618:0.12168213517916647:-0.18917974335671645:0.9778234336586403:0.08984615327812481:-0.10301370382211607:-0.11075671332211762:0.9884943864791748
001:179:0.0:0.0:69.20543511275982:0.976095413992687:0.1794682509823294:0.12259223143904713:-0.19123401310546148:0.97722025058508:0.09203374683083997:-0.10328247067102365:-0.11327752690569494:0.9881806257898176
001:180:0.0:0.0:69.20543511275982:0.9756671201026037:0.18116603614381482:0.12350118801822976:-0.193265131323994:0.9766145809354514:0.09419387502061786:-0.1035483365145181:-0.11577033825195661:0.9878638510688622
001:181:0.0:0.0:69.20543511275982:0.97523935366805:0.18284091466515504:0.12440854339312594:-0.1952729284730366:0.976007027516074:0.09632615167466001:-0.1038112542583557:-0.1182346669996167:0.9875442883686788
001:182:0.0:0.0:69.20543511275982:0.9748122653906061:0.1844926416562827:0.12531386429669344:-0.19725689593475706:0.9753979670808975:0.09843048260447895:-0.1040711862271415:-0.12067025883975908:0.9872223144432168
001:183:0.0:0.0:69.20543511275982:0.9743860813226415:0.18612114176640787:0.12621662327340258:-0.19921688300757553:0.974787701033082:0.10050633093569632:-0.10432805707008551:-0.12307645445297173:0.9868980799940563
001:184:0.0:0.0:69.20543511275982:0.973961178218106:0.18772598172848834:0.12711633996196745:-0.2011522868851724:0.9741768321789467:0.10255351771018595:-0.10458183853064151:-0.1254528865041536:0.986571961775147
001:185:0.0:0.0:69.20543511275982:0.9735377067785796:0.1893071615425241:0.12801260935189204:-0.20306297570366524:0.9735656619216516:0.10457180745672924:-0.10483250235226328:-0.12779922533359866:0.9862441104880689
001:186:0.0:0.0:69.20543511275982:0.9731157423548523:0.19086443631844782:0.12890491340649543:-0.20494855387140679:0.9729547177167264:0.10656087993446893:-0.10507995434646339:-0.13011494348577726:0.9859149782375616
001:187:0.0:0.0:69.20543511275982:0.9726957370516638:0.1923975611661921:0.129792724670248:-0.20680858812135486:0.9723443763181208:0.10852028303866527:-0.10532417567554432:-0.13239946641091604:0.9855846403744151
