018:20:2.6241717433810075e-05:-108.1274239124677:337.35344847788014:2.2894667962915465e-07:-1.0:-7.070462044390631e-08:0.03719582487300943:7.917155623464583e-08:-0.9993079783450872:0.9993079783450872:2.2615832759068946e-07:0.03719582487300943:0
019:20:0.00010325074445638588:108.1274239124677:337.35344847788014:-2.3013411410300578e-07:1.0:-6.986903464181441e-07:-0.03719664666756234:6.896466074645994e-07:0.9993079783450872:0.9993079783450872:2.559637826301901e-07:0.03719664666756234:0
020:20:93.64117788053449:54.06368302153051:337.35344847788014:-0.03221263695288639:0.5000000753507899:0.8654260510738203:-0.018597718172749373:-0.866025315906303:0.4996541021987285:0.9993079783450872:2.2615832759068946e-07:0.03719582487300943:0
021:20:-93.6410428519189:-54.06368302153051:337.35344847788014:0.0322133574948153:-0.5000006404817146:-0.8654256743198706:0.018598126715313638:0.8660250145031433:-0.49965466732965313:0.9993079783450872:2.559637826301901e-07:0.03719664666756234:0
022:20:-93.64100427231443:54.06374089093719:337.35344847788014:0.03221241325522872:0.5000000753507899:-0.8654260510738203:-0.018598109054972244:0.8660253912570931:0.49965406452333355:0.9993079783450872:2.2615829166063292e-07:0.03719582487300943:0
023:20:93.64113930093004:-54.06374089093719:337.35344847788014:-0.03221312437830889:-0.49999947254447036:0.8654264278277701:0.01859852466167307:-0.8660257680110428:-0.49965342404161894:0.9993079783450872:2.559637826301901e-07:0.03719664666756234:0
024:20:0.00010325074445638588:209.26154221516705:438.4876053601839:-2.3013411410300578e-07:1.0:-6.986903464181441e-07:-0.03719664666756234:6.896466074645994e-07:0.9993079783450872:0.9993079783450872:2.559637826301901e-07:0.03719664666756234:0
025:20:2.6241717433810075e-05:-209.26154221516705:438.4876053601839:2.2894667962915465e-07:-1.0:-7.070462044390631e-08:0.03719582487300943:7.917155623464583e-08:-0.9993079783450872:0.9993079783450872:2.2615832759068946e-07:0.03719582487300943:0
042:20:-181.22576294746972:-104.63076146268241:438.4876053601839:0.0322133574948153:-0.5000006404817146:-0.8654256743198706:0.018598126715313638:0.8660250145031433:-0.49965466732965313:0.9993079783450872:2.559637826301901e-07:0.03719664666756234:0
043:20:181.2258786862831:104.63074217288018:438.4876053601839:-0.03221263695288639:0.5000000753507899:0.8654260510738203:-0.018597718172749373:-0.866025315906303:0.4996541021987285:0.9993079783450872:2.2615832759068946e-07:0.03719582487300943:0
044:20:181.22584010667865:-104.63079039738575:438.4876053601839:-0.03221313615186982:-0.4999989074135457:0.8654267292309299:0.01859850464661949:-0.8660260694142026:-0.49965285891069433:0.9993079783450872:2.559637826301901e-07:0.03719664666756234:0
045:20:-181.22572436786527:104.63078075248464:438.4876053601839:0.032212417964653094:0.4999998492984201:-0.8654262017754002:-0.018598101990835687:0.866025541958673:0.4996538384709637:0.9993079783450872:2.2615832759068946e-07:0.03719582487300943:0
018:21:2.3710155349970137:-108.10143090396609:337.35344847788014:-0.0008153912074557195:-0.9997596309800553:0.021912487724414433:0.03718688874026364:-0.02192765207089213:-0.9990677600267224:0.9993079783450872:2.2615832759068946e-07:0.03719582487300943:0
019:21:-2.370886082339877:108.10143090396609:337.35344847788014:0.0008154080583648004:0.9997596309800553:-0.021913257715299245:-0.03718771053481655:0.021928422061776948:0.9990677600267224:0.9993079783450872:2.559637826301901e-07:0.03719664666756234:0
020:21:92.43317330583733:56.10402327254358:337.35344847788014:-0.031797089119865854:0.5188698722751365:0.8542617012806847:-0.019299597830228794:-0.8548532803325923:0.5185108257610185:0.9993079783450872:2.2615832759068946e-07:0.03719582487300943:0
021:21:-92.43303827722174:-56.10402327254358:337.35344847788014:0.03179779788823383:-0.5188704374060611:-0.8542613245267349:0.01930002167842227:0.8548529035786426:-0.5185113908919431:0.9993079783450872:2.559637826301901e-07:0.03719664666756234:0
022:21:-94.80398644861253:51.99740763142252:337.35344847788014:0.03261248591976301:0.48088990940649873:-0.8761743138048449:-0.017887293264747035:0.8767810383655329:0.4805571226426788:0.9993079783450872:2.2615829166063292e-07:0.03719582487300943:0
023:21:94.80412147722812:-51.99740763142252:337.35344847788014:-0.03261320410697974:-0.48088930660017914:0.8761746152080048:0.017887693565818652:-0.8767814151194826:-0.4805564821609642:0.9993079783450872:2.559637826301901e-07:0.03719664666756234:0
024:21:0.00010325074445638588:209.26154221516705:438.4876053601839:-2.3013411410300578e-07:1.0:-6.986903464181441e-07:-0.03719664666756234:6.896466074645994e-07:0.9993079783450872:0.9993079783450872:2.559637826301901e-07:0.03719664666756234:0
025:21:2.6241717433810075e-05:-209.26154221516705:438.4876053601839:2.2894667962915465e-07:-1.0:-7.070462044390631e-08:0.03719582487300943:7.917155623464583e-08:-0.9993079783450872:0.9993079783450872:2.2615832759068946e-07:0.03719582487300943:0
042:21:-181.22576294746972:-104.63076146268241:438.4876053601839:0.0322133574948153:-0.5000006404817146:-0.8654256743198706:0.018598126715313638:0.8660250145031433:-0.49965466732965313:0.9993079783450872:2.559637826301901e-07:0.03719664666756234:0
043:21:181.2258786862831:104.63074217288018:438.4876053601839:-0.03221263695288639:0.5000000753507899:0.8654260510738203:-0.018597718172749373:-0.866025315906303:0.4996541021987285:0.9993079783450872:2.2615832759068946e-07:0.03719582487300943:0
044:21:181.22584010667865:-104.63079039738575:438.4876053601839:-0.03221313615186982:-0.4999989074135457:0.8654267292309299:0.01859850464661949:-0.8660260694142026:-0.49965285891069433:0.9993079783450872:2.559637826301901e-07:0.03719664666756234:0
045:21:-181.22572436786527:104.63078075248464:438.4876053601839:0.032212417964653094:0.4999998492984201:-0.8654262017754002:-0.018598101990835687:0.866025541958673:0.4996538384709637:0.9993079783450872:2.2615832759068946e-07:0.03719582487300943:0
018:22:4.698500918639156:-108.02529405457402:337.35344847788014:-0.0016160461845430513:-0.9990554778479603:0.043422983693863:0.037160701986043376:-0.04345304865905358:-0.998364134350157:0.9993079783450872:2.2615832759068946e-07:0.03719582487300943:0
019:22:-4.698371616683599:108.02529405457402:337.35344847788014:0.0016160807693782829:0.9990554778479603:-0.043423751330035634:-0.037161523780596284:0.043453816295226204:0.998364134350157:0.9993079783450872:2.559637826301901e-07:0.03719664666756234:0
020:22:91.20349663833753:58.08161861936104:337.35344847788014:-0.03137408155864013:0.537159317415278:0.8428971444386483:-0.019979893018455444:-0.8434808116576111:0.5367876496438432:0.9993079783450872:2.2615832759068946e-07:0.03719582487300943:0
021:22:-91.20336160972194:-58.08161379691048:337.35344847788014:0.031374785617583736:-0.5371598825462026:-0.8428966923339086:0.019980330994922035:0.8434805102544514:-0.5367882147747678:0.9993079783450872:2.559637826301901e-07:0.03719664666756234:0
022:22:-95.9017980280849:49.94368025766353:337.35344847788014:0.03299013466015023:0.4618963111342622:-0.8863201469702088:-0.017180812499656212:0.886934029855942:0.46157667308328876:0.9993079783450872:2.2615829166063292e-07:0.03719582487300943:0
023:22:95.90193305670049:-49.943675435212974:337.35344847788014:-0.0329908622662157:-0.46189567065254766:0.8863205237241586:0.01718119749509862:-0.8869344066098919:-0.4615760326015742:0.9993079783450872:2.559637826301901e-07:0.03719664666756234:0
024:22:0.00010325074445638588:209.26154221516705:438.4876053601839:-2.3013411410300578e-07:1.0:-6.986903464181441e-07:-0.03719664666756234:6.896466074645994e-07:0.9993079783450872:0.9993079783450872:2.559637826301901e-07:0.03719664666756234:0
025:22:2.6241717433810075e-05:-209.26154221516705:438.4876053601839:2.2894667962915465e-07:-1.0:-7.070462044390631e-08:0.03719582487300943:7.917155623464583e-08:-0.9993079783450872:0.9993079783450872:2.2615832759068946e-07:0.03719582487300943:0
042:22:-181.22576294746972:-104.63076146268241:438.4876053601839:0.0322133574948153:-0.5000006404817146:-0.8654256743198706:0.018598126715313638:0.8660250145031433:-0.49965466732965313:0.9993079783450872:2.559637826301901e-07:0.03719664666756234:0
043:22:181.2258786862831:104.63074217288018:438.4876053601839:-0.03221263695288639:0.5000000753507899:0.8654260510738203:-0.018597718172749373:-0.866025315906303:0.4996541021987285:0.9993079783450872:2.2615832759068946e-07:0.03719582487300943:0
044:22:181.22584010667865:-104.63079039738575:438.4876053601839:-0.03221313615186982:-0.4999989074135457:0.8654267292309299:0.01859850464661949:-0.8660260694142026:-0.49965285891069433:0.9993079783450872:2.559637826301901e-07:0.03719664666756234:0
045:22:-181.22572436786527:104.63078075248464:438.4876053601839:0.032212417964653094:0.4999998492984201:-0.8654262017754002:-0.018598101990835687:0.866025541958673:0.4996538384709637:0.9993079783450872:2.2615832759068946e-07:0.03719582487300943:0
018:23:6.982877060439095:-107.90171393660331:337.35344847788014:-0.002401871920130649:-0.9979125570659789:0.06453507413500495:0.03711819472166209:-0.06457975715344608:-0.9972219670760751:0.9993079783450872:2.2615832759068946e-07:0.03719582487300943:0
019:23:-6.982748059886698:107.90172358150443:337.35344847788014:0.002401923723798741:0.997912481715189:-0.06453584177117759:-0.03711901416150282:0.0645805247896187:0.9972218917252852:0.9993079783450872:2.559637826301901e-07:0.03719664666756234:0
020:23:89.95427940118124:59.998161742128346:337.35344847788014:-0.030944356003547818:0.5548841214109195:0.8313519717530987:-0.02063918181927098:-0.8319275764375367:0.5545001714607225:0.9993079783450872:2.2615832759068946e-07:0.03719582487300943:0
021:23:-89.95414437256565:-59.99815209722723:337.35344847788014:0.03094505064364268:-0.5548846865418441:-0.831351519648359:0.020639636278722874:0.8319272750343769:-0.5545006989162522:0.9993079783450872:2.559637826301901e-07:0.03719664666756234:0
022:23:-96.93695632992222:47.90356666182664:337.35344847788014:0.033346233074611376:0.44302858635663933:-0.8958870600163767:-0.016479012902391114:0.8965074984208358:0.4427219839923275:0.9993079783450872:2.2615829166063292e-07:0.03719582487300943:0
023:23:96.93709135853783:-47.90355701692552:337.35344847788014:-0.033346970099525586:-0.4430279458749248:0.8958874367703265:0.01647938141484822:-0.8965077998239956:-0.4427213058352179:0.9993079783450872:2.559637826301901e-07:0.03719664666756234:0
024:23:0.00010325074445638588:209.26154221516705:438.4876053601839:-2.3013411410300578e-07:1.0:-6.986903464181441e-07:-0.03719664666756234:6.896466074645994e-07:0.9993079783450872:0.9993079783450872:2.559637826301901e-07:0.03719664666756234:0
025:23:2.6241717433810075e-05:-209.26154221516705:438.4876053601839:2.2894667962915465e-07:-1.0:-7.070462044390631e-08:0.03719582487300943:7.917155623464583e-08:-0.9993079783450872:0.9993079783450872:2.2615832759068946e-07:0.03719582487300943:0
042:23:-181.22576294746972:-104.63076146268241:438.4876053601839:0.0322133574948153:-0.5000006404817146:-0.8654256743198706:0.018598126715313638:0.8660250145031433:-0.49965466732965313:0.9993079783450872:2.559637826301901e-07:0.03719664666756234:0
043:23:181.2258786862831:104.63074217288018:438.4876053601839:-0.03221263695288639:0.5000000753507899:0.8654260510738203:-0.018597718172749373:-0.866025315906303:0.4996541021987285:0.9993079783450872:2.2615832759068946e-07:0.03719582487300943:0
044:23:181.22584010667865:-104.63079039738575:438.4876053601839:-0.03221313615186982:-0.4999989074135457:0.8654267292309299:0.01859850464661949:-0.8660260694142026:-0.49965285891069433:0.9993079783450872:2.559637826301901e-07:0.03719664666756234:0
045:23:-181.22572436786527:104.63078075248464:438.4876053601839:0.032212417964653094:0.4999998492984201:-0.8654262017754002:-0.018598101990835687:0.866025541958673:0.4996538384709637:0.9993079783450872:2.2615832759068946e-07:0.03719582487300943:0
018:24:9.224644440343686:-107.73321751414579:337.35344847788014:-0.0031730400138690663:-0.9963542273789958:0.08525337192901263:0.03706023583591642:-0.08531239985409073:-0.9956646923001514:0.9993079783450872:2.2615832759068946e-07:0.03719582487300943:0
019:24:-9.22451543979129:107.7332271590469:337.35344847788014:0.003173108889200506:0.9963541520282059:-0.08525413485576087:-0.03706105527575714:0.08531316278083899:0.9956646169493615:0.9993079783450872:2.559637826301901e-07:0.03719664666756234:0
020:24:88.68747950929456:61.855340498540414:337.35344847788014:-0.030508578838137537:0.5720599572263706:0.8196441920628341:-0.021278055265434085:-0.8202117342127474:0.5716641018513614:0.9993079783450872:2.2615832759068946e-07:0.03719582487300943:0
021:24:-88.68734448067896:-61.8553308536393:337.35344847788014:0.03050926170467147:-0.5720604846819002:-0.8196437399580944:0.021278523853159093:0.8202113574587976:-0.571664629306891:0.9993079783450872:2.559637826301901e-07:0.03719664666756234:0
022:24:-97.91192080390853:45.87789148295705:337.35344847788014:0.03368162415010902:0.4242944208542052:-0.9048975828295442:-0.015782182925194524:0.9055242753495693:0.4240007788257649:0.9993079783450872:2.2615829166063292e-07:0.03719582487300943:0
023:24:97.91205583252413:-45.877881838055934:337.35344847788014:-0.03368236823915979:-0.4242937803724906:0.904897959583494:0.015782537309378515:-0.9055246521035191:-0.4240001006686554:0.9993079783450872:2.559637826301901e-07:0.03719664666756234:0
024:24:0.00010325074445638588:209.26154221516705:438.4876053601839:-2.3013411410300578e-07:1.0:-6.986903464181441e-07:-0.03719664666756234:6.896466074645994e-07:0.9993079783450872:0.9993079783450872:2.559637826301901e-07:0.03719664666756234:0
025:24:2.6241717433810075e-05:-209.26154221516705:438.4876053601839:2.2894667962915465e-07:-1.0:-7.070462044390631e-08:0.03719582487300943:7.917155623464583e-08:-0.9993079783450872:0.9993079783450872:2.2615832759068946e-07:0.03719582487300943:0
042:24:-181.22576294746972:-104.63076146268241:438.4876053601839:0.0322133574948153:-0.5000006404817146:-0.8654256743198706:0.018598126715313638:0.8660250145031433:-0.49965466732965313:0.9993079783450872:2.559637826301901e-07:0.03719664666756234:0
043:24:181.2258786862831:104.63074217288018:438.4876053601839:-0.03221263695288639:0.5000000753507899:0.8654260510738203:-0.018597718172749373:-0.866025315906303:0.4996541021987285:0.9993079783450872:2.2615832759068946e-07:0.03719582487300943:0
044:24:181.22584010667865:-104.63079039738575:438.4876053601839:-0.03221313615186982:-0.4999989074135457:0.8654267292309299:0.01859850464661949:-0.8660260694142026:-0.49965285891069433:0.9993079783450872:2.559637826301901e-07:0.03719664666756234:0
045:24:-181.22572436786527:104.63078075248464:438.4876053601839:0.032212417964653094:0.4999998492984201:-0.8654262017754002:-0.018598101990835687:0.866025541958673:0.4996538384709637:0.9993079783450872:2.2615832759068946e-07:0.03719582487300943:0
018:25:11.424399836609346:-107.52220636757879:337.35344847788014:-0.003929756208735553:-0.9944027172700469:0.1055834012306743:0.03698765183278364:-0.10565650091577583:-0.9937145385054216:0.9993079783450872:2.2615832759068946e-07:0.03719582487300943:0
019:25:-11.42427083605695:107.5222160124799:337.35344847788014:0.0039298418613913175:0.994402641919257:-0.10558416415742257:-0.03698846891791217:0.10565726384252408:0.9937144631546316:0.9993079783450872:2.559637826301901e-07:0.03719664666756234:0
020:25:87.4048619795813:63.65488132589661:337.35344847788014:-0.030067362287577646:0.5887026862029162:0.807790231840064:-0.021897097325566876:-0.8083496361046626:0.5882953398324394:0.9993079783450872:2.2615832759068946e-07:0.03719582487300943:0
021:25:-87.4047269509657:-63.65486685854494:337.35344847788014:0.030068035735262837:-0.5887032513338408:-0.8077897797353243:0.021897580041565:0.8083492593507128:-0.5882958672879691:0.9993079783450872:2.559637826301901e-07:0.03719664666756234:0
022:25:-98.82906409571781:43.867344331484404:337.35344847788014:0.033997122617059526:0.4057001440933156:-0.913373717840377:-0.015090556861928946:0.9140062877220183:0.40541938704995706:0.9993079783450872:2.2615829166063292e-07:0.03719582487300943:0
023:25:98.8291991243334:-43.86732986413273:337.35344847788014:-0.03399787377024685:-0.40569950361160106:0.9133740192435369:0.01509089358577154:-0.9140065891251781:-0.4054187088928475:0.9993079783450872:2.559637826301901e-07:0.03719664666756234:0
024:25:0.00010325074445638588:209.26154221516705:438.4876053601839:-2.3013411410300578e-07:1.0:-6.986903464181441e-07:-0.03719664666756234:6.896466074645994e-07:0.9993079783450872:0.9993079783450872:2.559637826301901e-07:0.03719664666756234:0
025:25:2.6241717433810075e-05:-209.26154221516705:438.4876053601839:2.2894667962915465e-07:-1.0:-7.070462044390631e-08:0.03719582487300943:7.917155623464583e-08:-0.9993079783450872:0.9993079783450872:2.2615832759068946e-07:0.03719582487300943:0
042:25:-181.22576294746972:-104.63076146268241:438.4876053601839:0.0322133574948153:-0.5000006404817146:-0.8654256743198706:0.018598126715313638:0.8660250145031433:-0.49965466732965313:0.9993079783450872:2.559637826301901e-07:0.03719664666756234:0
043:25:181.2258786862831:104.63074217288018:438.4876053601839:-0.03221263695288639:0.5000000753507899:0.8654260510738203:-0.018597718172749373:-0.866025315906303:0.4996541021987285:0.9993079783450872:2.2615832759068946e-07:0.03719582487300943:0
044:25:181.22584010667865:-104.63079039738575:438.4876053601839:-0.03221313615186982:-0.4999989074135457:0.8654267292309299:0.01859850464661949:-0.8660260694142026:-0.49965285891069433:0.9993079783450872:2.559637826301901e-07:0.03719664666756234:0
045:25:-181.22572436786527:104.63078075248464:438.4876053601839:0.032212417964653094:0.4999998492984201:-0.8654262017754002:-0.018598101990835687:0.866025541958673:0.4996538384709637:0.9993079783450872:2.2615832759068946e-07:0.03719582487300943:0
018:26:13.582825023183554:-107.27089882415846:337.35344847788014:-0.004672254357084078:-0.9920785975047888:0.12553144912152658:0.03690121034843637:-0.12561836625773543:-0.9913920764575423:0.9993079783450872:2.2615832759068946e-07:0.03719582487300943:0
019:26:-13.582696022631158:107.27090846905958:337.35344847788014:0.004672356492725145:0.9920785221539988:-0.12553221204827483:-0.03690202507885272:0.12561912918448367:0.9913920011067524:0.9993079783450872:2.559637826301901e-07:0.03719664666756234:0
020:26:86.1080085758241:65.39848654924351:337.35344847788014:-0.029621252645095294:0.6048281320064461:0.7958048598396189:-0.02249689903242804:-0.7963559001665328:0.6044096337190565:0.9993079783450872:2.2615832759068946e-07:0.03719582487300943:0
021:26:-86.10787354720851:-65.39846725944129:337.35344847788014:0.029621914319219553:-0.6048286594619757:-0.7958044077348791:0.022497395876699283:0.796355523412583:-0.6044101611745862:0.9993079783450872:2.559637826301901e-07:0.03719664666756234:0
022:26:-99.69063346730955:41.87244120961829:337.35344847788014:0.03429351023990863:0.3872506161999225:-0.9213364125684816:-0.014404313670720514:0.9219744830577893:0.3869826311154607:0.9993079783450872:2.2615829166063292e-07:0.03719582487300943:0
023:26:99.69076849592514:-41.87242191981606:337.35344847788014:-0.03429426845723251:-0.38724997571820796:0.9213367139716414:0.014404636266289994:-0.9219747844609492:-0.38698195295835114:0.9993079783450872:2.559637826301901e-07:0.03719664666756234:0
024:26:0.00010325074445638588:209.26154221516705:438.4876053601839:-2.3013411410300578e-07:1.0:-6.986903464181441e-07:-0.03719664666756234:6.896466074645994e-07:0.9993079783450872:0.9993079783450872:2.559637826301901e-07:0.03719664666756234:0
025:26:2.6241717433810075e-05:-209.26154221516705:438.4876053601839:2.2894667962915465e-07:-1.0:-7.070462044390631e-08:0.03719582487300943:7.917155623464583e-08:-0.9993079783450872:0.9993079783450872:2.2615832759068946e-07:0.03719582487300943:0
042:26:-181.22576294746972:-104.63076146268241:438.4876053601839:0.0322133574948153:-0.5000006404817146:-0.8654256743198706:0.018598126715313638:0.8660250145031433:-0.49965466732965313:0.9993079783450872:2.559637826301901e-07:0.03719664666756234:0
043:26:181.2258786862831:104.63074217288018:438.4876053601839:-0.03221263695288639:0.5000000753507899:0.8654260510738203:-0.018597718172749373:-0.866025315906303:0.4996541021987285:0.9993079783450872:2.2615832759068946e-07:0.03719582487300943:0
044:26:181.22584010667865:-104.63079039738575:438.4876053601839:-0.03221313615186982:-0.4999989074135457:0.8654267292309299:0.01859850464661949:-0.8660260694142026:-0.49965285891069433:0.9993079783450872:2.559637826301901e-07:0.03719664666756234:0
045:26:-181.22572436786527:104.63078075248464:438.4876053601839:0.032212417964653094:0.4999998492984201:-0.8654262017754002:-0.018598101990835687:0.866025541958673:0.4996538384709637:0.9993079783450872:2.2615832759068946e-07:0.03719582487300943:0
018:27:15.700677727610058:-106.98144569683318:337.35344847788014:-0.005400796126306309:-0.9894016099901886:0.14510453264388365:0.03680164369836446:-0.145205003503435:-0.988716972712691:0.9993079783450872:2.2615832759068946e-07:0.03719582487300943:0
019:27:-15.700548727057662:106.9814649866354:337.35344847788014:0.005400914450593655:0.9894015346393986:-0.14510528615178317:-0.036802456074068624:0.14520575701133448:0.988716897361901:0.9993079783450872:2.559637826301901e-07:0.03719664666756234:0
020:27:84.79841425769563:67.08787296097937:337.35344847788014:-0.029170753819098276:0.620452155978245:0.7837016392036898:-0.023078051418776255:-0.7842443155929192:0.6200228448524975:0.9993079783450872:2.2615832759068946e-07:0.03719582487300943:0
021:27:-84.79827922908004:-67.08785367117714:337.35344847788014:0.029171406074373792:-0.6204526834337747:-0.7837011870989501:0.023078560036608426:0.7842439388389694:-0.6200233723080271:0.9993079783450872:2.559637826301901e-07:0.03719664666756234:0
022:27:-100.4988954704455:39.89360167055715:337.35344847788014:0.03457155465482896:0.36894960471352345:-0.9288063131303046:-0.013723593456944294:0.929449432122539:0.3686943162371684:0.9993079783450872:2.2615829166063292e-07:0.03719582487300943:0
023:27:100.49903049906109:-39.89358238075493:337.35344847788014:-0.034572317581577215:-0.3689489642318089:0.9288065391826745:0.013723900746884565:-0.9294497335256989:-0.36869360040466387:0.9993079783450872:2.559637826301901e-07:0.03719664666756234:0
024:27:0.00010325074445638588:209.26154221516705:438.4876053601839:-2.3013411410300578e-07:1.0:-6.986903464181441e-07:-0.03719664666756234:6.896466074645994e-07:0.9993079783450872:0.9993079783450872:2.559637826301901e-07:0.03719664666756234:0
025:27:2.6241717433810075e-05:-209.26154221516705:438.4876053601839:2.2894667962915465e-07:-1.0:-7.070462044390631e-08:0.03719582487300943:7.917155623464583e-08:-0.9993079783450872:0.9993079783450872:2.2615832759068946e-07:0.03719582487300943:0
042:27:-181.22576294746972:-104.63076146268241:438.4876053601839:0.0322133574948153:-0.5000006404817146:-0.8654256743198706:0.018598126715313638:0.8660250145031433:-0.49965466732965313:0.9993079783450872:2.559637826301901e-07:0.03719664666756234:0
043:27:181.2258786862831:104.63074217288018:438.4876053601839:-0.03221263695288639:0.5000000753507899:0.8654260510738203:-0.018597718172749373:-0.866025315906303:0.4996541021987285:0.9993079783450872:2.2615832759068946e-07:0.03719582487300943:0
044:27:181.22584010667865:-104.63079039738575:438.4876053601839:-0.03221313615186982:-0.4999989074135457:0.8654267292309299:0.01859850464661949:-0.8660260694142026:-0.49965285891069433:0.9993079783450872:2.559637826301901e-07:0.03719664666756234:0
045:27:-181.22572436786527:104.63078075248464:438.4876053601839:0.032212417964653094:0.4999998492984201:-0.8654262017754002:-0.018598101990835687:0.866025541958673:0.4996538384709637:0.9993079783450872:2.2615832759068946e-07:0.03719582487300943:0
018:28:17.77877656087089:-106.65578561072682:337.35344847788014:-0.006115663198847494:-0.9863897635650448:0.1643102151332869:0.03668961826611654:-0.16442399482611336:-0.9857071607588759:0.9993079783450872:2.2615832759068946e-07:0.03719582487300943:0
019:28:-17.778649971543775:106.65580490052905:337.35344847788014:0.0061157968287640484:0.9863896128634649:-0.1643109874788839:-0.036690428287108515:0.16442474833401288:0.985707010057296:0.9993079783450872:2.559637826301901e-07:0.03719664666756234:0
020:28:83.47733286234066:68.72472841879909:337.35344847788014:-0.028716303786053186:0.6355903934072279:0.7714921739539294:-0.023641131389097087:-0.7720264110546843:0.635150570846282:0.9993079783450872:2.2615832759068946e-07:0.03719582487300943:0
021:28:-83.47719783372507:-68.7247043065463:337.35344847788014:0.02871694662247996:-0.6355908455119675:-0.7714917218491898:0.023641654135202375:0.7720260343007345:-0.6351510983018117:0.9993079783450872:2.559637826301901e-07:0.03719664666756234:0
022:28:-101.25590446906288:37.93108612663107:337.35344847788014:0.03483197169432505:0.35079952085939686:-0.9358025586264938:-0.013048488054375541:0.936450650770865:0.3505567782895687:0.9993079783450872:2.2615829166063292e-07:0.03719582487300943:0
023:28:101.25603949767849:-37.931064425603566:337.35344847788014:-0.03483274168520987:-0.35079888037768225:0.9358027846788636:0.013048781216042695:-0.9364508768232348:-0.35055606245706417:0.9993079783450872:2.559637826301901e-07:0.03719664666756234:0
024:28:0.00010325074445638588:209.26154221516705:438.4876053601839:-2.3013411410300578e-07:1.0:-6.986903464181441e-07:-0.03719664666756234:6.896466074645994e-07:0.9993079783450872:0.9993079783450872:2.559637826301901e-07:0.03719664666756234:0
025:28:2.6241717433810075e-05:-209.26154221516705:438.4876053601839:2.2894667962915465e-07:-1.0:-7.070462044390631e-08:0.03719582487300943:7.917155623464583e-08:-0.9993079783450872:0.9993079783450872:2.2615832759068946e-07:0.03719582487300943:0
042:28:-181.22576294746972:-104.63076146268241:438.4876053601839:0.0322133574948153:-0.5000006404817146:-0.8654256743198706:0.018598126715313638:0.8660250145031433:-0.49965466732965313:0.9993079783450872:2.559637826301901e-07:0.03719664666756234:0
043:28:181.2258786862831:104.63074217288018:438.4876053601839:-0.03221263695288639:0.5000000753507899:0.8654260510738203:-0.018597718172749373:-0.866025315906303:0.4996541021987285:0.9993079783450872:2.2615832759068946e-07:0.03719582487300943:0
044:28:181.22584010667865:-104.63079039738575:438.4876053601839:-0.03221313615186982:-0.4999989074135457:0.8654267292309299:0.01859850464661949:-0.8660260694142026:-0.49965285891069433:0.9993079783450872:2.559637826301901e-07:0.03719664666756234:0
045:28:-181.22572436786527:104.63078075248464:438.4876053601839:0.032212417964653094:0.4999998492984201:-0.8654262017754002:-0.018598101990835687:0.866025541958673:0.4996538384709637:0.9993079783450872:2.2615832759068946e-07:0.03719582487300943:0
018:29:19.81802452683283:-106.29575109705098:337.35344847788014:-0.006817165513699113:-0.9830600875078864:0.18315684168972338:0.036565772178695:-0.18328367590690892:-0.982379745225416:0.9993079783450872:2.2615832759068946e-07:0.03719582487300943:0
019:29:-19.817897937505712:106.29577038685322:337.35344847788014:0.006817314449244876:0.9830599368063065:-0.1831575951976229:-0.03656657984497479:0.18328442941480844:0.9823795945238362:0.9993079783450872:2.559637826301901e-07:0.03719664666756234:0
020:29:82.14590248809061:70.31075042529869:337.35344847788014:-0.028258295782895085:0.6502584795823094:0.7591873146040907:-0.02418672762143703:-0.759713037065581:0.6498084846647203:0.9993079783450872:2.2615832759068946e-07:0.03719582487300943:0
021:29:-82.14576745947502:-70.31072631304592:337.35344847788014:0.028258929200473112:-0.6502589316870492:-0.7591868624993511:0.02418725978639106:0.7597125849608414:-0.6498090121202499:0.9993079783450872:2.559637826301901e-07:0.03719664666756234:0
022:29:-101.96373411690118:35.98502960645563:337.35344847788014:0.035075467772052706:0.33280175862715683:-0.9423442881576966:-0.012379046911970159:0.9429968259986748:0.3325714112622757:0.9993079783450872:2.2615829166063292e-07:0.03719582487300943:0
023:29:101.96386914551677:-35.98500549420285:337.35344847788014:-0.03507624482707408:-0.33280108047004725:0.9423445142100664:0.012379324768008104:-0.9429971274018347:-0.3325707331051661:0.9993079783450872:2.559637826301901e-07:0.03719664666756234:0
024:29:0.00010325074445638588:209.26154221516705:438.4876053601839:-2.3013411410300578e-07:1.0:-6.986903464181441e-07:-0.03719664666756234:6.896466074645994e-07:0.9993079783450872:0.9993079783450872:2.559637826301901e-07:0.03719664666756234:0
025:29:2.6241717433810075e-05:-209.26154221516705:438.4876053601839:2.2894667962915465e-07:-1.0:-7.070462044390631e-08:0.03719582487300943:7.917155623464583e-08:-0.9993079783450872:0.9993079783450872:2.2615832759068946e-07:0.03719582487300943:0
042:29:-181.22576294746972:-104.63076146268241:438.4876053601839:0.0322133574948153:-0.5000006404817146:-0.8654256743198706:0.018598126715313638:0.8660250145031433:-0.49965466732965313:0.9993079783450872:2.559637826301901e-07:0.03719664666756234:0
043:29:181.2258786862831:104.63074217288018:438.4876053601839:-0.03221263695288639:0.5000000753507899:0.8654260510738203:-0.018597718172749373:-0.866025315906303:0.4996541021987285:0.9993079783450872:2.2615832759068946e-07:0.03719582487300943:0
044:29:181.22584010667865:-104.63079039738575:438.4876053601839:-0.03221313615186982:-0.4999989074135457:0.8654267292309299:0.01859850464661949:-0.8660260694142026:-0.49965285891069433:0.9993079783450872:2.559637826301901e-07:0.03719664666756234:0
045:29:-181.22572436786527:104.63078075248464:438.4876053601839:0.032212417964653094:0.4999998492984201:-0.8654262017754002:-0.018598101990835687:0.866025541958673:0.4996538384709637:0.9993079783450872:2.2615832759068946e-07:0.03719582487300943:0
018:30:21.819348741615435:-105.90304930330282:337.35344847788014:-0.007505620368328224:-0.9794282547830233:0.20165295520900386:0.03643068940472198:-0.20179259906048114:-0.9787504744274113:0.9993079783450872:2.2615832759068946e-07:0.03719582487300943:0
019:30:-21.819220946675678:105.90307823800617:337.35344847788014:0.007505785198181243:0.9794281040814433:-0.20165370871690338:-0.036431494716289585:0.20179335256838066:0.9787503237258314:0.9993079783450872:2.559637826301901e-07:0.03719664666756234:0
020:30:80.80516478426578:71.84760272592031:337.35344847788014:-0.02779708537116405:0.664471748389245:0.7467962539505477:-0.024715405246720716:-0.7473133110711936:0.6640119578689622:0.9993079783450872:2.2615832759068946e-07:0.03719582487300943:0
021:30:-80.8050297556502:-71.84757861366754:337.35344847788014:0.02779770701518115:-0.6644722758447746:-0.746795726495018:0.02471595153994786:0.7473129343172439:-0.6640124853244918:0.9993079783450872:2.559637826301901e-07:0.03719664666756234:0
022:30:-102.62431339418312:34.055489979437525:337.35344847788014:0.03530270927156055:0.31495661941996317:-0.9484492845103416:-0.011715285335357355:0.9491061173463471:0.3147386860977265:0.9993079783450872:2.2615829166063292e-07:0.03719582487300943:0
023:30:102.62444842279871:-34.05546104473418:337.35344847788014:-0.0353034910360063:-0.3149559789382486:0.9484495859135014:0.011715549063122185:-0.949106343398717:-0.31473798910291945:0.9993079783450872:2.559637826301901e-07:0.03719664666756234:0
024:30:0.00010325074445638588:209.26154221516705:438.4876053601839:-2.3013411410300578e-07:1.0:-6.986903464181441e-07:-0.03719664666756234:6.896466074645994e-07:0.9993079783450872:0.9993079783450872:2.559637826301901e-07:0.03719664666756234:0
025:30:2.6241717433810075e-05:-209.26154221516705:438.4876053601839:2.2894667962915465e-07:-1.0:-7.070462044390631e-08:0.03719582487300943:7.917155623464583e-08:-0.9993079783450872:0.9993079783450872:2.2615832759068946e-07:0.03719582487300943:0
042:30:-181.22576294746972:-104.63076146268241:438.4876053601839:0.0322133574948153:-0.5000006404817146:-0.8654256743198706:0.018598126715313638:0.8660250145031433:-0.49965466732965313:0.9993079783450872:2.559637826301901e-07:0.03719664666756234:0
043:30:181.2258786862831:104.63074217288018:438.4876053601839:-0.03221263695288639:0.5000000753507899:0.8654260510738203:-0.018597718172749373:-0.866025315906303:0.4996541021987285:0.9993079783450872:2.2615832759068946e-07:0.03719582487300943:0
044:30:181.22584010667865:-104.63079039738575:438.4876053601839:-0.03221313615186982:-0.4999989074135457:0.8654267292309299:0.01859850464661949:-0.8660260694142026:-0.49965285891069433:0.9993079783450872:2.559637826301901e-07:0.03719664666756234:0
045:30:-181.22572436786527:104.63078075248464:438.4876053601839:0.032212417964653094:0.4999998492984201:-0.8654262017754002:-0.018598101990835687:0.866025541958673:0.4996538384709637:0.9993079783450872:2.2615832759068946e-07:0.03719582487300943:0
018:31:23.783730573907032:-105.47925234836389:337.35344847788014:-0.008181369196001797:-0.9755088834437059:0.21980767313671248:0.036284906818575866:-0.21995988173241413:-0.9748338157165322:0.9993079783450872:2.2615832759068946e-07:0.03719582487300943:0
019:31:-23.783602778967275:105.47928128306722:337.35344847788014:0.008181548742805977:0.975508732742126:-0.219808426644612:-0.0362857074207191:0.21996063524031365:0.9748336650149523:0.9993079783450872:2.559637826301901e-07:0.03719664666756234:0
020:31:79.45595885726307:73.33691530895217:337.35344847788014:-0.027332959825746777:0.6782454206876046:0.7343269038262453:-0.02522772939587278:-0.7348353709568367:0.6777761359677879:0.9993079783450872:2.2615832759068946e-07:0.03719582487300943:0
021:31:-79.45582382864748:-73.33688155179829:337.35344847788014:0.02733357205091513:-0.6782458727923443:-0.7343263763707156:0.02522828510794867:0.7348349188520971:-0.6777765880725275:0.9993079783450872:2.559637826301901e-07:0.03719664666756234:0
022:31:-103.23948447702143:32.14238767514255:337.35344847788014:0.035514334319850994:0.2972636134576812:-0.9541346523137477:-0.011057179777415273:0.9547954033908308:0.29705790580111413:0.9993079783450872:2.2615829166063292e-07:0.03719582487300943:0
023:31:103.23961950563702:-32.14235874043921:337.35344847788014:-0.035515118439008925:-0.29726291646287417:0.9541348783661175:0.011057428199550894:-0.9547956294432006:-0.29705718996860964:0.9993079783450872:2.559637826301901e-07:0.03719664666756234:0
024:31:0.00010325074445638588:209.26154221516705:438.4876053601839:-2.3013411410300578e-07:1.0:-6.986903464181441e-07:-0.03719664666756234:6.896466074645994e-07:0.9993079783450872:0.9993079783450872:2.559637826301901e-07:0.03719664666756234:0
025:31:2.6241717433810075e-05:-209.26154221516705:438.4876053601839:2.2894667962915465e-07:-1.0:-7.070462044390631e-08:0.03719582487300943:7.917155623464583e-08:-0.9993079783450872:0.9993079783450872:2.2615832759068946e-07:0.03719582487300943:0
042:31:-181.22576294746972:-104.63076146268241:438.4876053601839:0.0322133574948153:-0.5000006404817146:-0.8654256743198706:0.018598126715313638:0.8660250145031433:-0.49965466732965313:0.9993079783450872:2.559637826301901e-07:0.03719664666756234:0
043:31:181.2258786862831:104.63074217288018:438.4876053601839:-0.03221263695288639:0.5000000753507899:0.8654260510738203:-0.018597718172749373:-0.866025315906303:0.4996541021987285:0.9993079783450872:2.2615832759068946e-07:0.03719582487300943:0
044:31:181.22584010667865:-104.63079039738575:438.4876053601839:-0.03221313615186982:-0.4999989074135457:0.8654267292309299:0.01859850464661949:-0.8660260694142026:-0.49965285891069433:0.9993079783450872:2.559637826301901e-07:0.03719664666756234:0
045:31:-181.22572436786527:104.63078075248464:438.4876053601839:0.032212417964653094:0.4999998492984201:-0.8654262017754002:-0.018598101990835687:0.866025541958673:0.4996538384709637:0.9993079783450872:2.2615832759068946e-07:0.03719582487300943:0
018:32:25.71219479445096:-105.02581661230232:337.35344847788014:-0.0088447610828014:-0.9713153105797557:0.23763043315929058:0.036128928328664475:-0.23779499928454426:-0.9706431815333901:0.9993079783450872:2.2615832759068946e-07:0.03719582487300943:0
019:32:-25.7120669995112:105.02585519190679:337.35344847788014:0.008844955346556743:0.9713151598781758:-0.2376311866671901:-0.03612972657609552:0.23779575279244375:0.9706430308318101:0.9993079783450872:2.559637826301901e-07:0.03719664666756234:0
020:32:78.09903700936934:74.78029405042972:337.35344847788014:-0.02686618287440809:0.6915942652322187:0.7217862718546489:-0.025724255780969117:-0.722286148995186:0.6911157877160279:0.9993079783450872:2.2615832759068946e-07:0.03719582487300943:0
021:32:-78.09890198075375:-74.78026511572638:337.35344847788014:0.0268667856807277:-0.6915947926877484:-0.7217858197499092:0.02572482326660594:0.7222856968904462:-0.6911161644699777:0.9993079783450872:2.559637826301901e-07:0.03719664666756234:0
022:32:-103.81103167212218:30.245573197603452:337.35344847788014:0.035710948077955815:0.27972115837372197:-0.9594168933909144:-0.01040467490240754:0.960081336656705:0.27952761986973207:0.9993079783450872:2.2615829166063292e-07:0.03719582487300943:0
023:32:103.81116670073779:-30.245541851674833:337.35344847788014:-0.035711739261250305:-0.2797204990543099:0.9594170440924943:0.010404909196270046:-0.9600814873582849:-0.27952688519953:0.9993079783450872:2.559637826301901e-07:0.03719664666756234:0
024:32:0.00010325074445638588:209.26154221516705:438.4876053601839:-2.3013411410300578e-07:1.0:-6.986903464181441e-07:-0.03719664666756234:6.896466074645994e-07:0.9993079783450872:0.9993079783450872:2.559637826301901e-07:0.03719664666756234:0
025:32:2.6241717433810075e-05:-209.26154221516705:438.4876053601839:2.2894667962915465e-07:-1.0:-7.070462044390631e-08:0.03719582487300943:7.917155623464583e-08:-0.9993079783450872:0.9993079783450872:2.2615832759068946e-07:0.03719582487300943:0
042:32:-181.22576294746972:-104.63076146268241:438.4876053601839:0.0322133574948153:-0.5000006404817146:-0.8654256743198706:0.018598126715313638:0.8660250145031433:-0.49965466732965313:0.9993079783450872:2.559637826301901e-07:0.03719664666756234:0
043:32:181.2258786862831:104.63074217288018:438.4876053601839:-0.03221263695288639:0.5000000753507899:0.8654260510738203:-0.018597718172749373:-0.866025315906303:0.4996541021987285:0.9993079783450872:2.2615832759068946e-07:0.03719582487300943:0
044:32:181.22584010667865:-104.63079039738575:438.4876053601839:-0.03221313615186982:-0.4999989074135457:0.8654267292309299:0.01859850464661949:-0.8660260694142026:-0.49965285891069433:0.9993079783450872:2.559637826301901e-07:0.03719664666756234:0
045:32:-181.22572436786527:104.63078075248464:438.4876053601839:0.032212417964653094:0.4999998492984201:-0.8654262017754002:-0.018598101990835687:0.866025541958673:0.4996538384709637:0.9993079783450872:2.2615832759068946e-07:0.03719582487300943:0
018:33:27.605790286243334:-104.54406344657075:337.35344847788014:-0.009496159243081724:-0.9668599690715147:0.2551309555286419:0.03596321074915187:-0.25530763429338027:-0.9661908540567471:0.9993079783450872:2.2615832759068946e-07:0.03719582487300943:0
019:33:-27.605664902528854:104.54410202617521:337.35344847788014:0.009496368223788229:0.9668598183699348:-0.2551317090365414:-0.03596400664187073:0.2553083689635823:0.9661907033551672:0.9993079783450872:2.559637826301901e-07:0.03719664666756234:0
020:33:76.73502615915699:76.1793207141356:337.35344847788014:-0.026396966441244733:0.7045329754271278:0.7091802353973748:-0.026205523631100316:-0.7096712964954875:0.7040454558161429:0.9993079783450872:2.2615832759068946e-07:0.03719582487300943:0
021:33:-76.73490077544251:-76.17928695698171:337.35344847788014:0.026397559828715597:-0.7045334275318675:-0.7091797832926351:0.02620610053558588:0.7096708443907478:-0.7040459079208826:0.9993079783450872:2.559637826301901e-07:0.03719664666756234:0
022:33:-104.34062354737806:28.364795779391272:337.35344847788014:0.035893132159784964:0.26232710667057185:-0.9643113793029916:-0.009757689472763741:0.9649791380035402:0.2621455677798817:0.9993079783450872:2.2615829166063292e-07:0.03719582487300943:0
