001:0:0.0:0.0:69.20543511275982:0.9826608036719344:-0.14909568502947837:0.11021922671854618:0.1767989304106068:0.9325595359777794:-0.3147616115755692:-0.05585639149135866:0.32879049699949386:0.9427496000568446
001:1:0.0:0.0:69.20543511275982:0.9828522700292007:-0.14924696115915437:0.10828985090414543:0.17611636527983288:0.933784137016068:-0.31149668068467645:-0.05462941690318652:0.32522685673953666:0.94405678556092
001:2:0.0:0.0:69.20543511275982:0.9834051941258634:-0.14962024897257314:0.10260634803279055:0.1741029544969389:0.9373262269500992:-0.3018406276539961:-0.05101414722383954:0.3146956796343618:0.9478207082205677
001:3:0.0:0.0:69.20543511275982:0.9842714268071436:-0.1499975021213131:0.09333016659080098:0.17080686605440132:0.942897589008309:-0.28595293243046005:-0.04510857144622504:0.2973967206281302:0.9536878221293364
001:4:0.0:0.0:69.20543511275982:0.985385036131834:-0.15004667793060508:0.080637655683209:0.1662728959968461:0.9500991654071155:-0.26394108291593393:-0.037010290035739635:0.2734914376260101:0.9611621683877666
001:5:0.0:0.0:69.20543511275982:0.9866643418436274:-0.14934156407593824:0.06473461715506913:0.16054382473526818:0.9584293459378126:-0.23587899823535985:-0.02681701883867705:0.24312612418669183:0.9696239113977188
001:6:0.0:0.0:69.20543511275982:0.9880152308058744:-0.14738242469950671:0.04587341022077706:0.15366195231937643:0.9672920305010956:-0.20182707204688385:-0.014627220145093975:0.20645722738781191:0.9783462927901124
001:7:0.0:0.0:69.20543511275982:0.9893330407713329:-0.14361846436446393:0.024370663609132547:0.14567052068375416:0.9760037874321061:-0.16185408078403402:-0.0005406262443476546:0.16367766408934312:0.9865137156145147
001:8:0.0:0.0:69.20543511275982:0.9905054237121853:-0.13747255253287535:0.0006240299292207425:0.1366153054332968:0.983801991385747:-0.11605993959428573:0.015341135913912025:0.1150432502231702:0.9932420137016369
001:9:0.0:0.0:69.20543511275982:0.9914145309929479:-0.12836863241556323:-0.02487388444097362:0.12654596273858226:0.9898550710441155:-0.06459910346876609:0.03291403978114815:0.06089679891760097:0.99760128295269
001:10:0.0:0.0:69.20543511275982:0.9919397259989085:-0.11576148453413733:-0.051525863857247625:0.11551722552966143:0.9932756201539552:-0.007703824145836632:0.05207119165239837:0.001689604155503761:0.9986419527127075
001:11:0.0:0.0:69.20543511275982:0.9919593925550858:-0.09916868487478318:-0.07862629820934122:0.10358993015057122:0.9931371254020247:0.05429365378316348:0.07270245928401227:-0.062001992500938685:0.9954245493325766
001:12:0.0:0.0:69.20543511275982:0.991353948957827:-0.07820330713110081:-0.10536448834816828:0.09083185463687286:0.9884952153378643:0.1209413521443064:0.09469427019783576:-0.12946613550890151:0.9870518709563469
001:13:0.0:0.0:69.20543511275982:0.9900073549906071:-0.05260650721133433:-0.1308358150743927:0.07731825088060584:0.9784129782392194:0.1916504580838249:0.11792940211182645:-0.19985135549666305:0.9727034981830287
001:14:0.0:0.0:69.20543511275982:0.9878100506048371:-0.02227756465644071:-0.1540615752338832:0.06313207539208218:0.9619908010248611:0.26568394668750767:0.14228703474372179:-0.2721714990007355:0.9516706814823399
001:15:0.0:0.0:69.20543511275982:0.9846607643388221:0.012700508687531652:-0.1740170922717894:0.04836386685485275:0.9383994482513757:0.3421512092935253:0.16764301824822825:-0.34531895650307837:0.9233907765057141
001:16:0.0:0.0:69.20543511275982:0.9804682463859312:0.05204131506418267:-0.18966724413000394:0.03311153420161053:0.9069157783876001:0.42000873164953956:0.19387002862802563:-0.41808544041142737:0.8874790421196599
001:17:0.0:0.0:69.20543511275982:0.9751538305214553:0.09524464178648887:-0.20000849956910652:0.01747960546100329:0.8669596657016994:0.49807166025896105:0.22083796332541422:-0.48919258689886364:0.8437542596743445
001:18:0.0:0.0:69.20543511275982:0.9686525643644563:0.14159602090562456:-0.20411481621829305:0.001578249080381284:0.8181291890800731:0.5750322821621849:0.24841456286633198:-0.5573286517385198:0.79225937912004
001:19:0.0:0.0:69.20543511275982:0.9609146410427766:0.19017774573192403:-0.20118532820656607:-0.01447776067586946:0.7602334096209847:0.6494886959121668:0.27646613611170784:-0.6211904430181879:0.7332727462748265
001:20:0.0:0.0:69.20543511275982:0.9519069815596273:0.23989268992599874:-0.19059019711842:-0.030570731466286437:0.6933186680602544:0.7199823739432146:0.30485827608996613:-0.6795297749023247:0.6673085549293318
001:21:0.0:0.0:69.20543511275982:0.9416139883014885:0.28949856385161893:-0.17191192306443223:-0.04658134502064273:0.6176879875996713:0.7850424311600834:0.33345659466722866:-0.7311990925353664:0.5951089350137866
001:22:0.0:0.0:69.20543511275982:0.9300379971428487:0.3376546885785759:-0.1449781505314378:-0.06239087321845302:0.5339088350383584:0.8432370518521186:0.36212806002383646:-0.7751971722958353:0.5176220631935428
001:23:0.0:0.0:69.20543511275982:0.9171998802525246:0.3829749863257154:-0.10988450909073373:-0.07788256707482431:0.4428110863014449:0.8932259715184563:0.3907412415444169:-0.8107086432856682:0.4359733411919184
001:24:0.0:0.0:69.20543511275982:0.9031386693397109:0.4240885248206632:-0.0670039945714277:-0.09294396553575429:0.34547184325588953:0.933815106190738:0.41916823126302766:-0.8371368779500306:0.3514254221961274
001:25:0.0:0.0:69.20543511275982:0.8879114049524005:0.4597008528428459:-0.016981453147142535:-0.10746864973870983:0.2431861976039805:0.9640077156194878:0.447284851077829:-0.8541285564348406:0.2653312296397456
001:26:0.0:0.0:69.20543511275982:0.8715926843726455:0.48865409247847663:0.03928584150744982:-0.12135812678237584:0.13742838755111514:0.9830491616433434:0.4749719713899079:-0.8615860994671117:0.1790837170635104
001:27:0.0:0.0:69.20543511275982:0.8542732299515472:0.5099809656369504:0.100681304888812:-0.1345234262215173:0.029802539581581584:0.9904620970079633:0.5021163399619675:-0.8596692507215403:0.09406389490795185
001:28:0.0:0.0:69.20543511275982:0.8360585327950374:0.5229510594358743:0.16591639257188898:-0.14688702151212307:-0.07801745911711028:0.9860717832314503:0.5286115991539915:-0.8487846784114939:0.01158755515018505
001:29:0.0:0.0:69.20543511275982:0.8170683253083486:0.5271030009883763:0.23358466086982993:-0.158383743639734:-0.1843481000034586:0.9700156601546756:0.5543590771065388:-0.8295650277694033:-0.0671404548520295
001:30:0.0:0.0:69.20543511275982:0.7974336425152063:0.5222646137394178:0.3022239747978734:-0.16896233522948573:-0.2875605792094662:0.9427410100667902:0.5792679761177179:-0.8028378765213042:-0.14106744453296488
001:31:0.0:0.0:69.20543511275982:0.7772959178483492:0.5085570240838455:0.37037923525126965:-0.17858561066653728:-0.3861409251163096:0.9049874763219562:0.6032563522034567:-0.7695875320363302:-0.2093248147255939
001:32:0.0:0.0:69.20543511275982:0.7568047979766203:0.4863845266851432:0.43666532517143625:-0.18723188776108013:-0.47874595338001413:0.8577566969709962:0.6262512657990827:-0.730912006025652:-0.2712505428082531
001:33:0.0:0.0:69.20543511275982:0.7361158069304793:0.45641024617027726:0.49982318937137926:-0.19489434726662372:-0.5642489813138329:0.8022713139316603:0.6481895729426164:-0.6879772766129759:-0.32640082204697807
001:34:0.0:0.0:69.20543511275982:0.7153892158401527:0.4195211743631596:0.5587667215647405:-0.20158127777006268:-0.6417733778274725:0.7399269745354266:0.6690166819867381:-0.6419727560176837:-0.37455008985204946
001:35:0.0:0.0:69.20543511275982:0.6947872549564055:0.37678322353844146:0.6126214758341352:-0.20731571777542465:-0.7107167887060619:0.6722364212413575:0.6886878345622168:-0.5940673233688947:-0.4156838977094942
001:36:0.0:0.0:69.20543511275982:0.6744728326871124:0.3293928888897596:0.6607470834911618:-0.21213447614360081:-0.7707575037519042:0.6007760302506295:0.7071670883422457:-0.5453743242635346:-0.4499794330018828
001:37:0.0:0.0:69.20543511275982:0.6546081792830387:0.27862504926999776:0.7027490454750306:-0.21608730323365655:-0.8218510659989281:0.5271310314822382:0.7244269402884925:-0.49691943365442065:-0.47778312098601633
001:38:0.0:0.0:69.20543511275982:0.6353528123665114:0.22578334869610356:0.7384773006875534:-0.2192352143477549:-0.8642140336174535:0.45284649288413514:0.7404477238447801:-0.44961752315774667:-0.49958116263405566
001:39:0.0:0.0:69.20543511275982:0.6168625950465446:0.1721543265557056:0.7680126251755579:-0.22164952900858478:-0.8982972303837593:0.37938572679717475:0.7552165540260266:-0.4042585327799672:-0.5159680380033216
001:40:0.0:0.0:69.20543511275982:0.5992888693847556:0.11896901696078466:0.791643311061398:-0.22340944089638506:-0.9247507829135453:0.30809768190076287:0.7687268753135064:-0.3615001242157772:-0.5276140677212211
001:41:0.0:0.0:69.20543511275982:0.5827779289398347:0.06737366083750444:0.8098337452635436:-0.22460060502163284:-0.9443836572877288:0.24019605220634271:0.7809765778851008:-0.32187012974878576:-0.5352337279780723
001:42:0.0:0.0:69.20543511275982:0.5674697754795117:0.018405308753252612:0.8231884671697739:-0.2253126888243702:-0.9581211612069117:0.17674281290979058:0.7919673194581887:-0.2857710167858201:-0.5395578084102182
001:43:0.0:0.0:69.20543511275982:0.5534984957345048:-0.027016448832556304:0.8324118559645538:-0.22563741305366536:-0.9669590553603007:0.11865061277899666:0.8017026415198978:-0.2534962013029508:-0.5413063234910382
001:44:0.0:0.0:69.20543511275982:0.5409921860477312:-0.06809227190242133:0.8382666123437705:-0.22566591448996445:-0.9719194732135854:0.06668915071446489:0.8101866130128855:-0.22524651199309545:-0.5411669622050234
001:45:0.0:0.0:69.20543511275982:0.530073291452862:-0.10413968951405597:0.8415326169834201:-0.22548667379836776:-0.9740090259697252:0.021498239692520554:0.8174216451624303:-0.20115004519917135:-0.5397782848216157
001:46:0.0:0.0:69.20543511275982:0.5208574000616821:-0.13457900684795515:0.8429685769875221:-0.22518253917242678:-0.9741787159486954:-0.01638970573331351:0.8234077379685322:-0.18128510922963537:-0.5377130326952352
001:47:0.0:0.0:69.20543511275982:0.5134559933679249:-0.1589196761332627:0.8432719392678661:-0.2248289367528828:-0.9732867886480419:-0.04652670627907928:0.8281393908235246:-0.1657024905169147:-0.5354697266521998
001:48:0.0:0.0:69.20543511275982:0.5079748638806817:-0.176735145966913:0.8430457361964323:-0.22449027262744664:-0.9720645988350316:-0.06851651568754469:0.8316042461978557:-0.1544509127655616:-0.5334597066548536
001:49:0.0:0.0:69.20543511275982:0.5045149816584875:-0.18765436080263964:0.8427635474880646:-0.22421803022335254:-0.9710830794451258:-0.08199999796552868:0.833781055168759:-0.1475925592149834:-0.532001480492321
001:50:0.0:0.0:69.20543511275982:0.5031727580370848:-0.1913362641274254:0.8427381542718511:-0.2240474171972053:-0.9707210942501997:-0.08662190239495704:0.8346375675981356:-0.14522753338963043:-0.5313088183556935
001:51:0.0:0.0:69.20543511275982:0.502931070378316:-0.18503000581482046:0.8442891749322088:-0.22392499100123192:-0.9713593907918773:-0.07948909301082994:0.8348160736195303:-0.14907991787668104:-0.5299596247862204
001:52:0.0:0.0:69.20543511275982:0.5027098781344139:-0.16647590986267244:0.8482738754064139:-0.22378299243756866:-0.9728930054197563:-0.05831291201341003:0.8349874213158794:-0.16051479584343945:-0.526337399287076
001:53:0.0:0.0:69.20543511275982:0.5025085784990589:-0.1360302724812661:0.8538037945301505:-0.22362226920260253:-0.9743893967573993:-0.02362879269724256:0.8351516106871834:-0.17905589378432088:-0.5200584556358284
001:54:0.0:0.0:69.20543511275982:0.5023264179643517:-0.09402990228283507:0.8595501964734172:-0.22344385736969533:-0.9744216468954985:0.023985778838197816:0.8353089431366018:-0.20410989957924872:-0.5104881518041127
001:55:0.0:0.0:69.20543511275982:0.5021628690747624:-0.04088080816133448:0.8638062351422371:-0.22324862347293148:-0.971150895156082:0.08382173517648399:0.8354594940149245:-0.23493571937135438:-0.4968024892284162
001:56:0.0:0.0:69.20543511275982:0.5020170652962066:0.022841454647753518:0.8645560508530425:-0.22303747172179042:-0.962418190705465:0.15493692536074755:0.8356034893745213:-0.2706093452611624:-0.47805589084564004
001:57:0.0:0.0:69.20543511275982:0.5018885545239447:0.09628469932133804:0.8595562998874033:-0.22281138167654152:-0.9458519427807199:0.23604917799446487:0.8357409292153926:-0.3099893258070955:-0.4532589631083286
001:58:0.0:0.0:69.20543511275982:0.5017766209254719:0.17821902907342416:0.8464385562155698:-0.22257127638436167:-0.9189951128231145:0.32543825338074506:0.8358721149406978:-0.35169024254741127:-0.4214638307542893
001:59:0.0:0.0:69.20543511275982:0.501680548668284:0.26695405960292695:0.8228318318809343:-0.22231800354163783:-0.8794552379009049:0.4208719126238268:0.8359971972520169:-0.3940735925546186:-0.3818568936290229
001:60:0.0:0.0:69.20543511275982:0.5015996595952713:0.3602770678686826:0.7865101138467551:-0.22205256154633685:-0.8250769086675336:0.5195582017413417:0.83611625150014:-0.4352567928548764:-0.33385787529911437
001:61:0.0:0.0:69.20543511275982:0.5015333885755091:0.45543516927291233:0.7355563273150909:-0.2217757792571482:-0.754126454147801:0.618149473512728:0.8362295037374369:-0.4731511949015244:-0.27721512296382383
001:62:0.0:0.0:69.20543511275982:0.501480982101098:0.5491573106730401:0.6685379784181774:-0.22148863623434126:-0.6654852165140901:0.712791874110531:0.8363369539639074:-0.5055251720239697:-0.21209608491612064
001:63:0.0:0.0:69.20543511275982:0.5014418373657183:0.6377332191718632:0.5846815159463746:-0.22119198017430294:-0.558830920437779:0.7992384446361201:0.8364389789335015:-0.5300984209413107:-0.13915974148952387
001:64:0.0:0.0:69.20543511275982:0.5014152385368655:0.7171453413507578:0.48403026660390447:-0.22088667761111774:-0.43479557066958446:0.873018848774054:0.836535653997009:-0.5446607899580906:-0.059605258121289306
001:65:0.0:0.0:69.20543511275982:0.50140058280822:0.7832567681398173:0.3675680479797662:-0.22057374578044994:-0.2950750497635454:0.9296655381881195:0.83662697915443:-0.5472106983654379:0.02481507314941662
001:66:0.0:0.0:69.20543511275982:0.5013971920226722:0.8320411300779933:0.23729386001827557:-0.2202539758655941:-0.14248002695448458:0.9649806450193391:0.8367132558089243:-0.5361035021464803:0.1118212881202472
001:67:0.0:0.0:69.20543511275982:0.5014044633739024:0.8598449687637068:0.09623000406668214:-0.21992836626451698:0.01909312960162565:0.975329171809672:0.8367945593112818:-0.5101981266135901:0.19867767275468398
001:68:0.0:0.0:69.20543511275982:0.5014216810294063:0.8636601299605214:-0.051646848969363196:-0.21959772699821065:0.1847778255585509:0.9579321060749239:0.8368710403630824:-0.46898644371473064:0.2823094203331545
001:69:0.0:0.0:69.20543511275982:0.5014482045074692:0.8413831210161566:-0.20155430218726011:-0.21926298111385195:0.34893971266181867:0.9111338402582845:0.8369429250166959:-0.4126930364793519:0.35945936109613097
001:70:0.0:0.0:69.20543511275982:0.5014834310017714:0.7920347584151951:-0.34813112333485113:-0.2189250516586178:0.5054608601247462:0.8346143595548305:0.8370102886229123:-0.3423306948751893:0.4268765040488617
001:71:0.0:0.0:69.20543511275982:0.5015267577059934:0.7159176509300812:-0.4857291631895417:-0.21858482400429016:0.6480868698159128:0.7295232156160594:0.8370732065325217:-0.2597023937665004:0.4815216504294505
001:72:0.0:0.0:69.20543511275982:0.5015774311122356:0.6146892898873739:-0.6087505173773615:-0.21824320236034842:0.7708131126348883:0.5985123418189123:0.8371320554994737:-0.16734461028232359:0.5207741751141809
001:73:0.0:0.0:69.20543511275982:0.5016348484141786:0.49133695735469296:-0.7120045337063298:-0.21790103442317954:0.868278681279797:0.4456582535751501:0.8371867601729783:-0.06841114702664652:0.5426216845558233
001:74:0.0:0.0:69.20543511275982:0.5016983314547125:0.3500537364158538:-0.7910506770984309:-0.21755926207765788:0.9361306359659417:0.2762741988120044:0.8372376219561954:0.033494099581042075:0.5458126021332863
001:75:0.0:0.0:69.20543511275982:0.501767352778308:0.1960169610107133:-0.8425004225295547:-0.21721882720865787:0.9713290997743168:0.09662152677126913:0.837284640849125:0.13452541359860226:0.5299598131631953
001:76:0.0:0.0:69.20543511275982:0.5018411965524603:0.035086584368282714:-0.8642478661221417:-0.21688053983717145:0.9723617823505996:-0.086459851102318:0.837328042904137:0.2308276508163015:0.49558082687093563
001:77:0.0:0.0:69.20543511275982:0.5019192599708497:-0.12654772406329737:-0.8556066375305256:-0.21654537952346803:0.9393462309271139:-0.2659638560344793:0.8373679788228112:0.318770047548609:0.4440726469022047
001:78:0.0:0.0:69.20543511275982:0.502000940227157:-0.28274715190967914:-0.8173426775345614:-0.21621421280163203:0.8740128010443017:-0.43514715745549726:0.8374045993067275:0.39516538782561805:0.3776212750242799
001:79:0.0:0.0:69.20543511275982:0.5020856345150623:-0.42779634881719225:-0.7515985104957246:-0.2158879250434454:0.7795677441653811:-0.5879341458208078:0.8374380550574659:0.4574543067158426:0.2990536468237645
001:80:0.0:0.0:69.20543511275982:0.5021725893266661:-0.5567304418170964:-0.6617203896449629:-0.21556747697147996:0.660454270321411:-0.7192571225899332:0.8374684214258162:0.5038365608211609:0.2116490663547345
001:81:0.0:0.0:69.20543511275982:0.5022613525572287:-0.6656025376940443:-0.5520025565016015:-0.2152537162821227:0.5220297453271396:-0.8253185586509074:0.8374959244641486:0.533346190689792:0.11892193213591383
001:82:0.0:0.0:69.20543511275982:0.5023510953480608:-0.7516572841118866:-0.4273812789907455:-0.21494760369794552:0.3701996743188157:-0.9037420784656409:0.8375206395232525:0.5458604122095104:0.02440330462945458
001:83:0.0:0.0:69.20543511275982:0.5024414786206074:-0.813417127430468:-0.29309573521310445:-0.2146500245907303:0.2110272339606613:-0.9536209106278597:0.8375428680062882:0.5420516558298416:-0.06857117797623
001:84:0.0:0.0:69.20543511275982:0.5025316358407841:-0.8506670918460574:-0.1543614902155869:-0.2143618831699565:0.05037105648815135:-0.975454630874941:0.8375625345624654:0.5232860313726028:-0.15703754526416142
001:85:0.0:0.0:69.20543511275982:0.5026211149038513:-0.8643575015215208:-0.016066482633036904:-0.21408406480740602:-0.10644049762867297:-0.9709986865603804:0.8375798652441543:0.4914840044212829:-0.23854441940370247
001:86:0.0:0.0:69.20543511275982:0.5027092753280943:-0.8564365511310492:0.1174727103927803:-0.2138175867387432:-0.2548581668313207:-0.9430426392789653:0.8375950107529345:0.4489585051488325:-0.3112407705643043
001:87:0.0:0.0:69.20543511275982:0.5027954012810086:-0.8296357068103777:0.2426962856054146:-0.21356324014726258:-0.39128851433183326:-0.8951447040337764:0.837608197141176:0.39824361829670896:-0.3739177460227781
001:88:0.0:0.0:69.20543511275982:0.5028789653070647:-0.7872316730113288:0.35690195528518354:-0.21332200459323344:-0.5131735032563974:-0.8313522731562585:0.8376195751104586:0.34193453809702035:-0.42599798918881937
001:89:0.0:0.0:69.20543511275982:0.5029593645999427:-0.7328067769897676:0.45828602873532515:-0.2130947654484378:-0.6190023314287919:-0.755927714781587:0.8376290693099925:0.28254255567726383:-0.4674903161048524
001:90:0.0:0.0:69.20543511275982:0.5030359586779282:-0.6700261565197158:0.5459118391236523:-0.21288248343544747:-0.7082455841988188:-0.6731041609384368:0.8376370564937273:0.22238052585959991:-0.49890982477098444
001:91:0.0:0.0:69.20543511275982:0.5031081447347016:-0.6024519825207265:0.6196239000951003:-0.2126860439260444:-0.7812327705709352:-0.5868900852752424:0.8376436120124531:0.16348384301989088:-0.5211777162697652
001:92:0.0:0.0:69.20543511275982:0.5031753953147331:-0.5333934356350915:0.6799308671572355:-0.2125064076428005:-0.8390007550902661:-0.5009178479723969:0.8376488112169597:0.10755988070764338:-0.5355140705920861
001:93:0.0:0.0:69.20543511275982:0.5032369569101233:-0.4658125554157966:0.7278538188646881:-0.21234444111980014:-0.8831110321769725:-0.41835956658527024:0.8376529555104071:0.05597829965065113:-0.5433268549235826
001:94:0.0:0.0:69.20543511275982:0.5032923774161325:-0.4022669737261591:0.7647732193647612:-0.21220108624191777:-0.9154701275184024:-0.3418846558740726:0.8376558941912151:0.00978223322655624:-0.5461106145075438
001:95:0.0:0.0:69.20543511275982:0.5033408279740712:-0.3449019652314878:0.7922693254243135:-0.21207722838093532:-0.9381504892413766:-0.27367314605597765:0.8376581547149137:-0.030271400453204863:-0.5453553358644668
001:96:0.0:0.0:69.20543511275982:0.5033820448561745:-0.2954690213688059:0.8119757421694894:-0.2119738847725171:-0.953228935818533:-0.2154568996872264:0.8376595863799228:-0.06366051519143509:-0.5424700410910462
001:97:0.0:0.0:69.20543511275982:0.5034150485021732:-0.25537431974248714:0.8254437163130165:-0.2118918654376551:-0.9626412290437208:-0.16859332357339668:0.8376604905894022:-0.09003240159318696:-0.5387197569243797
001:98:0.0:0.0:69.20543511275982:0.5034394244827225:-0.22573231737360902:0.834022554450553:-0.21183218761201367:-0.9680563889143616:-0.13414138829761543:0.8376609426941419:-0.10914076853736808:-0.5351751427388852
001:99:0.0:0.0:69.20543511275982:0.5034544946407128:-0.20743853956304528:0.8387508165199976:-0.21179566131658475:-0.970764044200472:-0.11295896260347829:0.8376611687465118:-0.1207740733906145:-0.5326700680515589
001:100:0.0:0.0:69.20543511275982:0.5034596184944294:-0.2012063134015675:0.8402644631885395:-0.21178328494933527:-0.9715778327319461:-0.1057562747805201:0.8376611687465118:-0.12470996539062867:-0.5317623547604104
001:101:0.03036275386717208:-0.12398748317887803:69.10486772884657:0.5034596184944294:-0.2012063134015675:0.8402644631885395:-0.21178328494933527:-0.9715778327319461:-0.1057562747805201:0.8376611687465118:-0.12470996539062867:-0.5317623547604104
001:102:0.1198097904939101:-0.4892479320540829:68.80860047888441:0.5034596184944294:-0.2012063134015675:0.8402644631885395:-0.21178328494933527:-0.9715778327319461:-0.1057562747805201:0.8376611687465118:-0.12470996539062867:-0.5317623547604104
001:103:0.2658792559350615:-1.0857282514449833:68.32479777166616:0.5034596184944294:-0.2012063134015675:0.8402644631885395:-0.21178328494933527:-0.9715778327319461:-0.1057562747805201:0.8376611687465118:-0.12470996539062867:-0.5317623547604104
001:104:0.4661093245020198:-1.9033754215217378:67.66159990373183:0.5034596184944294:-0.2012063134015675:0.8402644631885395:-0.21178328494933527:-0.9715778327319461:-0.1057562747805201:0.8376611687465118:-0.12470996539062867:-0.5317623547604104
001:105:0.7180381728608909:-2.9321364412922026:66.82716646142367:0.5034596184944294:-0.2012063134015675:0.8402644631885395:-0.21178328494933527:-0.9715778327319461:-0.1057562747805201:0.8376611687465118:-0.12470996539062867:-0.5317623547604104
001:106:1.0192038269762007:-4.161958083711864:65.82965703108394:0.5034596184944294:-0.2012063134015675:0.8402644631885395:-0.21178328494933527:-0.9715778327319461:-0.1057562747805201:0.8376611687465118:-0.12470996539062867:-0.5317623547604104
001:107:1.367144388163265:-5.582787046385419:64.67721673170318:0.5034596184944294:-0.2012063134015675:0.8402644631885395:-0.21178328494933527:-0.9715778327319461:-0.1057562747805201:0.8376611687465118:-0.12470996539062867:-0.5317623547604104
001:108:1.7593984475175344:-7.184571835336522:63.37800514962369:0.5034596184944294:-0.2012063134015675:0.8402644631885395:-0.21178328494933527:-0.9715778327319461:-0.1057562747805201:0.8376611687465118:-0.12470996539062867:-0.5317623547604104
001:109:2.1935036919249797:-8.95725764115407:61.94017704873712:0.5034596184944294:-0.2012063134015675:0.8402644631885395:-0.21178328494933527:-0.9715778327319461:-0.1057562747805201:0.8376611687465118:-0.12470996539062867:-0.5317623547604104
001:110:2.666998712481052:-10.890792065652239:60.37187754803406:0.5034596184944294:-0.2012063134015675:0.8402644631885395:-0.21178328494933527:-0.9715778327319461:-0.1057562747805201:0.8376611687465118:-0.12470996539062867:-0.5317623547604104
001:111:3.1774207439669824:-12.975121505032567:58.68127105630731:0.5034596184944294:-0.2012063134015675:0.8402644631885395:-0.21178328494933527:-0.9715778327319461:-0.1057562747805201:0.8376611687465118:-0.12470996539062867:-0.5317623547604104
001:112:3.722309432389281:-15.200195369528187:56.87650751499801:0.5034596184944294:-0.2012063134015675:0.8402644631885395:-0.21178328494933527:-0.9715778327319461:-0.1057562747805201:0.8376611687465118:-0.12470996539062867:-0.5317623547604104
001:113:4.299201711126019:-17.555958849727993:54.96573686554729:0.5034596184944294:-0.2012063134015675:0.8402644631885395:-0.21178328494933527:-0.9715778327319461:-0.1057562747805201:0.8376611687465118:-0.12470996539062867:-0.5317623547604104
001:114:4.905636020571067:-20.032353519382973:52.957123516747956:0.5034596184944294:-0.2012063134015675:0.8402644631885395:-0.21178328494933527:-0.9715778327319461:-0.1057562747805201:0.8376611687465118:-0.12470996539062867:-0.5317623547604104
001:115:5.539151102521456:-22.61933783082105:50.858812587590585:0.5034596184944294:-0.2012063134015675:0.8402644631885395:-0.21178328494933527:-0.9715778327319461:-0.1057562747805201:0.8376611687465118:-0.12470996539062867:-0.5317623547604104
001:116:6.197284191758417:-25.306850946567927:48.67895884196686:0.5034596184944294:-0.2012063134015675:0.8402644631885395:-0.21178328494933527:-0.9715778327319461:-0.1057562747805201:0.8376611687465118:-0.12470996539062867:-0.5317623547604104
001:117:6.877572824466341:-28.08483564598722:46.425731511120155:0.5034596184944294:-0.2012063134015675:0.8402644631885395:-0.21178328494933527:-0.9715778327319461:-0.1057562747805201:0.8376611687465118:-0.12470996539062867:-0.5317623547604104
001:118:7.577558153667538:-30.9432515870195:44.10725642423881:0.5034596184944294:-0.2012063134015675:0.8402644631885395:-0.21178328494933527:-0.9715778327319461:-0.1057562747805201:0.8376611687465118:-0.12470996539062867:-0.5317623547604104
001:119:8.29477590712744:-33.87203913780311:41.73170763501675:0.5034596184944294:-0.2012063134015675:0.8402644631885395:-0.21178328494933527:-0.9715778327319461:-0.1057562747805201:0.8376611687465118:-0.12470996539062867:-0.5317623547604104
001:120:9.026764826643074:-36.861143488926935:39.3072350848951:0.5034596184944294:-0.2012063134015675:0.8402644631885395:-0.21178328494933527:-0.9715778327319461:-0.1057562747805201:0.8376611687465118:-0.12470996539062867:-0.5317623547604104
001:121:9.77106063997988:-39.90050741975461:36.84199836021611:0.5034596184944294:-0.2012063134015675:0.8402644631885395:-0.21178328494933527:-0.9715778327319461:-0.1057562747805201:0.8376611687465118:-0.12470996539062867:-0.5317623547604104
001:122:10.525205705772798:-42.98008576577614:34.3441377575198:0.5034596184944294:-0.2012063134015675:0.8402644631885395:-0.21178328494933527:-0.9715778327319461:-0.1057562747805201:0.8376611687465118:-0.12470996539062867:-0.5317623547604104
001:123:11.286738163012542:-46.08982854003097:31.821812863148423:0.5034596184944294:-0.2012063134015675:0.8402644631885395:-0.21178328494933527:-0.9715778327319461:-0.1057562747805201:0.8376611687465118:-0.12470996539062867:-0.5317623547604104
001:124:12.053190725432948:-49.219671288206904:29.283190497120057:0.5034596184944294:-0.2012063134015675:0.8402644631885395:-0.21178328494933527:-0.9715778327319461:-0.1057562747805201:0.8376611687465118:-0.12470996539062867:-0.5317623547604104
001:125:12.822107560087922:-52.35957366824449:26.736406133524163:0.5034596184944294:-0.2012063134015675:0.8402644631885395:-0.21178328494933527:-0.9715778327319461:-0.1057562747805201:0.8376611687465118:-0.12470996539062867:-0.5317623547604104
001:126:13.591023189130256:-55.49946640338096:24.189626592378826:0.5034596184944294:-0.2012063134015675:0.8402644631885395:-0.21178328494933527:-0.9715778327319461:-0.1057562747805201:0.8376611687465118:-0.12470996539062867:-0.5317623547604104
001:127:14.357476957163302:-58.629318796458:21.65099699267462:0.5034596184944294:-0.2012063134015675:0.8402644631885395:-0.21178328494933527:-0.9715778327319461:-0.1057562747805201:0.8376611687465118:-0.12470996539062867:-0.5317623547604104
001:128:15.119009414403047:-61.73905192581172:19.1286769207538:0.5034596184944294:-0.2012063134015675:0.8402644631885395:-0.21178328494933527:-0.9715778327319461:-0.1057562747805201:0.8376611687465118:-0.12470996539062867:-0.5317623547604104
001:129:15.873152671777007:-64.81863991673437:16.630818729282772:0.5034596184944294:-0.2012063134015675:0.8402644631885395:-0.21178328494933527:-0.9715778327319461:-0.1057562747805201:0.8376611687465118:-0.12470996539062867:-0.5317623547604104
001:130:16.617452101951727:-67.85800384756203:14.165574770927947:0.5034596184944294:-0.2012063134015675:0.8402644631885395:-0.21178328494933527:-0.9715778327319461:-0.1057562747805201:0.8376611687465118:-0.12470996539062867:-0.5317623547604104
001:131:17.349438610242085:-70.84710337623531:11.741104632031576:0.5034596184944294:-0.2012063134015675:0.8402644631885395:-0.21178328494933527:-0.9715778327319461:-0.1057562747805201:0.8376611687465118:-0.12470996539062867:-0.5317623547604104
001:132:18.06665395247671:-73.77587887089253:9.365565487710626:0.5034596184944294:-0.2012063134015675:0.8402644631885395:-0.21178328494933527:-0.9715778327319461:-0.1057562747805201:0.8376611687465118:-0.12470996539062867:-0.5317623547604104
001:133:18.766642295709502:-76.63430927927648:7.0470807559281665:0.5034596184944294:-0.2012063134015675:0.8402644631885395:-0.21178328494933527:-0.9715778327319461:-0.1057562747805201:0.8376611687465118:-0.12470996539062867:-0.5317623547604104
001:134:19.44692972280479:-79.41229156747049:4.79385342508146:0.5034596184944294:-0.2012063134015675:0.8402644631885395:-0.21178328494933527:-0.9715778327319461:-0.1057562747805201:0.8376611687465118:-0.12470996539062867:-0.5317623547604104
001:135:20.10506160642911:-82.0997902158657:2.6140045019082963:0.5034596184944294:-0.2012063134015675:0.8402644631885395:-0.21178328494933527:-0.9715778327319461:-0.1057562747805201:0.8376611687465118:-0.12470996539062867:-0.5317623547604104
001:136:20.73857487996054:-84.68678417220488:0.5156983952014809:0.5034596184944294:-0.2012063134015675:0.8402644631885395:-0.21178328494933527:-0.9715778327319461:-0.1057562747805201:0.8376611687465118:-0.12470996539062867:-0.5317623547604104
001:137:21.345010093615066:-87.16318004747251:-1.492924598498967:0.5034596184944294:-0.2012063134015675:0.8402644631885395:-0.21178328494933527:-0.9715778327319461:-0.1057562747805201:0.8376611687465118:-0.12470996539062867:-0.5317623547604104
001:138:21.921902975158126:-89.51893749960912:-3.4036856030485723:0.5034596184944294:-0.2012063134015675:0.8402644631885395:-0.21178328494933527:-0.9715778327319461:-0.1057562747805201:0.8376611687465118:-0.12470996539062867:-0.5317623547604104
001:139:22.466791663580423:-91.7440161865553:-5.208444321907315:0.5034596184944294:-0.2012063134015675:0.8402644631885395:-0.21178328494933527:-0.9715778327319461:-0.1057562747805201:0.8376611687465118:-0.12470996539062867:-0.5317623547604104
001:140:22.977214297872674:-93.82833718664715:-6.899055636084619:0.5034596184944294:-0.2012063134015675:0.8402644631885395:-0.21178328494933527:-0.9715778327319461:-0.1057562747805201:0.8376611687465118:-0.12470996539062867:-0.5317623547604104
001:141:23.450709017025588:-95.76187944762746:-8.467364781688794:0.5034596184944294:-0.2012063134015675:0.8402644631885395:-0.21178328494933527:-0.9715778327319461:-0.1057562747805201:0.8376611687465118:-0.12470996539062867:-0.5317623547604104
001:142:23.884811548804592:-97.53456404783238:-9.905188060124807:0.5034596184944294:-0.2012063134015675:0.8402644631885395:-0.21178328494933527:-0.9715778327319461:-0.1057562747805201:0.8376611687465118:-0.12470996539062867:-0.5317623547604104
001:143:24.27706726587624:-99.13634100030133:-11.204394819753752:0.5034596184944294:-0.2012063134015675:0.8402644631885395:-0.21178328494933527:-0.9715778327319461:-0.1057562747805201:0.8376611687465118:-0.12470996539062867:-0.5317623547604104
001:144:24.625007073555405:-100.55716996297488:-12.35684476403561:0.5034596184944294:-0.2012063134015675:0.8402644631885395:-0.21178328494933527:-0.9715778327319461:-0.1057562747805201:0.8376611687465118:-0.12470996539062867:-0.5317623547604104
001:145:24.926173933283355:-101.78699130399139:-13.354349371924792:0.5034596184944294:-0.2012063134015675:0.8402644631885395:-0.21178328494933527:-0.9715778327319461:-0.1057562747805201:0.8376611687465118:-0.12470996539062867:-0.5317623547604104
001:146:25.178101161600242:-102.8157646812914:-14.188777991782393:0.5034596184944294:-0.2012063134015675:0.8402644631885395:-0.21178328494933527:-0.9715778327319461:-0.1057562747805201:0.8376611687465118:-0.12470996539062867:-0.5317623547604104
001:147:25.378334131172615:-103.63340152830993:-14.851980682167278:0.5034596184944294:-0.2012063134015675:0.8402644631885395:-0.21178328494933527:-0.9715778327319461:-0.1057562747805201:0.8376611687465118:-0.12470996539062867:-0.5317623547604104
001:148:25.52440133609007:-104.22988079278977:-15.335788211836087:0.5034596184944294:-0.2012063134015675:0.8402644631885395:-0.21178328494933527:-0.9715778327319461:-0.1057562747805201:0.8376611687465118:-0.12470996539062867:-0.5317623547604104
001:149:25.613843326568592:-104.59515248777038:-15.632050639347685:0.5034596184944294:-0.2012063134015675:0.8402644631885395:-0.21178328494933527:-0.9715778327319461:-0.1057562747805201:0.8376611687465118:-0.12470996539062867:-0.5317623547604104
001:150:25.644210297725287:-104.71912804668675:-15.732608378359826:0.5034596184944294:-0.2012063134015675:0.8402644631885395:-0.21178328494933527:-0.9715778327319461:-0.1057562747805201:0.8376611687465118:-0.12470996539062867:-0.5317623547604104
001:151:25.64395711907105:-104.4303886420439:-15.568722218634687:0.5043901253995381:-0.2028595285707967:0.8393084123656372:-0.2115972438489455:-0.9714128145019527:-0.10762763048665835:0.8371482559193132:-0.12330903408500518:-0.5328955552904883
001:152:25.64219451339251:-103.57975658831516:-15.085922581132268:0.5071296163944029:-0.20770750420777648:0.8364670847781533:-0.21103878146922134:-0.9709073614029594:-0.11314343075612784:0.8356328008318125:-0.11914861556863361:-0.5362102365404463
001:153:25.637405819989525:-102.19064970540478:-14.297495317136782:0.5115966372750864:-0.21555155911710275:0.8317489950653522:-0.21009326091921485:-0.9700195030449631:-0.12215969906702913:0.8331444916952504:-0.11224837639769122:-0.5415446203642593
001:154:25.62808161183779:-100.286485813217:-13.216731100383:0.5177065691044732:-0.22615424412194138:0.8251267908904814:-0.20872982605044088:-0.9686753203030217:-0.13453598154689295:0.8297058583958223:-0.10257841172741611:-0.5486947321735289
001:155:25.612710050687724:-97.8906730867549:-11.856918193380418:0.5253705356258158:-0.2392429777396436:0.8165467471403056:-0.20690396338373573:-0.9667730896107009:-0.15013520568994912:0.8253341562644273:-0.09007015233895257:-0.5574144009374844
001:156:25.589776887064463:-95.02663899082386:-10.23134244741325:0.5344952902365495:-0.254511025742015:0.8059397671404398:-0.2045604219523676:-0.9641859202377226:-0.16882075109516723:0.8200425716893067:-0.07462948509565143:-0.5674157866385116
001:157:25.557772693943704:-91.71776276572362:-8.353293933409946:0.5449829522605275:-0.2716206093754015:0.7932312536088318:-0.20163583174198743:-0.9607651450755131:-0.19045580898454187:0.8138405988699944:-0.05614867249615541:-0.5783690788689937
001:158:25.515183221850585:-87.98747187625953:-6.236059105461041:0.5567304041417014:-0.2902047326173451:0.7783524112742565:-0.19806122794209233:-0.9563418276530015:-0.21490035875264604:0.8067360742886452:-0.034519885205332036:-0.5899028359098657
001:159:25.4604990437608:-83.85919378723695:-3.892924417657071:0.5696290653917514:-0.30987145833391416:0.7612505699345375:-0.19376485776295108:-0.9507294747650581:-0.2420094819927059:0.7987351767100354:-0.009647956941506915:-0.6016053410448337
001:160:25.39220591019949:-79.35631256140618:-1.3371849140786245:0.5835647042131114:-0.33020818443703276:0.741899507514772:-0.18867427142002557:-0.9437261462946136:-0.2716303673027002:0.7898444616528905:0.018536550991650302:-0.6130269761102581
001:161:25.30879198291707:-74.5022653084737:1.4178779243359014:0.5984170984204139:-0.35078810521471926:0.7203087182144937:-0.18271907243780378:-0.9351156608252976:-0.3035992774160647:0.780070936740676:0.05006485913433546:-0.623684893244131
001:162:25.208747834889238:-69.32044091364038:4.358975684375434:0.6140607512729951:-0.37117716244145904:0.6965320778485179:-0.17583278258185112:-0.9246709864269869:-0.3377371600181776:0.7694233426650263:0.08491795730639312:-0.633069306677037
001:163:25.090556805415854:-63.83427166416213:7.472816335990981:0.6303647030979196:-0.39094355841543615:0.6706738719101373:-0.16795527192178647:-0.9121568779334533:-0.37384604974613944:0.7579125299396945:0.1230161549833132:-0.6406525348269467
001:164:24.952711878697887:-58.06715609014095:10.746117343333086:0.64719358620104:-0.4096684934461013:0.6428936933724685:-0.159034491899451:-0.8973329663247525:-0.4117056774032249:0.7455525138116115:0.1642109969806185:-0.6458995117344162
001:165:24.7936963940352:-52.042507189030495:14.165584415829061:0.6644080016209462:-0.42695682799094975:0.6134084018089916:-0.14902843444944683:-0.8799591839840992:-0.45106802586430933:0.7323609263656257:0.2082779285254054:-0.6482806720476675
001:166:24.612000924403493:-45.78374760318556:17.71793170219469:0.6818661768463449:-0.4424495532112585:0.5824920103673645:-0.1379064883133562:-0.8598009639023753:-0.49165441023275785:0.7183594686292433:0.2549130975571952:-0.6472858909187303
001:167:24.406113631553172:-39.31427586270815:21.38987335114576:0.6994248700255387:-0.4558359224492684:0.550471127046631:-0.1256508989612969:-0.8366359458984343:-0.5331530666151468:0.7035742119757874:0.3037332887959931:-0.6424401569677516
001:168:24.174522677234666:-32.6575073762772:25.168121100172772:0.71694083930683:-0.46686437709272693:0.5177194917649498:-0.11225770105794769:-0.8102622652059966:-0.5752157990111113:0.6880363516322978:0.3542777133235493:-0.6333191698965155
001:169:23.915713811973106:-25.836850318895845:29.039389097991517:0.7342726512574803:-0.47535286963311174:0.48464765330137055:-0.09773758499663295:-0.7805070671129142:-0.617459373302959:0.6717819806271612:0.406015261096892:-0.6195648250757784
001:170:23.62817760874419:-18.875741800270525:32.99037461474083:0.751282187879509:-0.48119613501686087:0.4516915913265514:-0.08211621714017982:-0.7472366039670232:-0.6594652158525102:0.6548526172456408:0.45835331699075166:-0.6008995678707547
001:171:23.31039981807305:-11.797556238250458:37.00780867771344:0.7678369071333915:-0.4843716433577789:0.41929768392016403:-0.06543444703559066:-0.7103649005169893:-0.7007852531873195:0.6372949036267164:0.5106523035000216:-0.5771390902492235
001:172:22.960868601710118:-4.625728331316821:41.078390968273474:0.7838111239014891:-0.4849408432250711:0.38790778811448284:-0.047748147293614374:-0.6698642276721104:-0.7409466967758377:0.6191609071662444:0.5622404306568909:-0.5482020887088273
001:173:22.578074532631074:2.6163289230767144:45.18884045758726:0.7990880444593773:-0.48304746625056955:0.3579433408777056:-0.02912764610310957:-0.6257735417907914:-0.7794607460436502:0.6005079698153778:0.6124317048696427:-0.514118176110017
001:174:22.160503361361066:9.905216994828148:49.32586647192004:0.8135615748948046:-0.47891259165199146:0.3297882921600291:-0.009656953708091491:-0.5782043243667652:-0.8158349082276356:0.5813985950543811:0.6605471024946311:-0.4750296524196156
001:175:21.706643249650504:17.217508419132137:53.47617833753703:0.827137602071122:-0.4728250013318252:0.30377605036929045:0.01056733488814665:-0.5273468361446587:-0.8495843763452471:0.5619000711386808:0.705933369858373:-0.4311919191401631
001:176:21.214984770475088:24.529809488337243:57.62649502560458:0.839735952747821:-0.4651292744525181:0.2801754859617334:0.03143724906774119:-0.47347060690012804:-0.8802484556667223:0.5420841696957056:0.7479841591541301:-0.38296790335145997
001:177:20.6840088519094:31.818687915187564:61.763516217486796:0.8512909210360643:-0.4562105665769063:0.2591826051797188:0.05283509796092474:-0.41692447311525255:-0.9074042775588544:0.5220269573479114:0.786158979165582:-0.33082010820222735
