001:0:-628.5133055893851:-635.6573811647353:162.96649595802498:0.38297302895513075:0.695905438165996:-0.60749275321583:0.4573883426139254:-0.7142106188027119:-0.5298093067344246:-0.8025753934924063:-0.07495784517860518:-0.5918235581844031
002:0:-605.8868907641287:-615.9394568487024:184.17519218887676:0.3837141094418741:-0.6960464760362083:0.6068632850728263:0.457973964986762:0.7140931951649454:0.5294614883384529:-0.8018872687121572:0.07476613176263107:0.5927798834233369
003:0:-675.239930208215:-691.400582312137:263.5648389518629:-0.3890204450507238:-0.6673873102131592:-0.6350256026866639:-0.4272903782518237:0.74140883125683:-0.517430745845964:0.8161408723490892:0.0700496140098531:-0.5735924550840535
004:0:-534.9306753458463:-554.2430281481326:297.1396119096245:-0.6940320140324089:0.6824020011024299:-0.22945121766054824:-0.609907638411082:-0.7266363416809306:-0.3162464779355799:-0.3825349014953139:-0.07954180586759463:0.9205103978372059
008:0:-526.9664572669692:-543.0310711454835:263.0654693665949:-0.6939224857417915:-0.6821206689575718:0.23061601751793576:-0.6093400081621876:0.7269369440446299:0.3166496495734675:-0.38363668258313344:0.07920747920782395:-0.9200805969721881
009:0:-451.3699414190554:-477.35326046454327:344.3372727351504:0.6641226809747149:-0.7047322013565787:-0.2495887879974094:0.6314504086680779:0.7074763288205722:-0.3174072149819891:0.40026523168231215:0.053195086461829785:0.9148536278170631
011:0:-375.31954174868304:-396.80154992603235:299.26432945942037:-0.7005835855643556:-0.7134895089366615:0.010740211958847713:-0.7094960204526588:0.6981105077308303:0.09621235781754835:-0.0761443284885436:0.059784628616711966:-0.9953027047065631
012:0:-376.43903103953676:-400.7146384214993:335.7625567858679:-0.6999575998229546:0.7139926635263388:-0.01655152243804678:-0.7099662870744413:-0.6981515498266702:-0.09236835684837642:-0.07750575947668822:-0.05290287423332253:0.9955871808681693
010:0:-613.9493227050807:618.0136966131317:80.19368451512557:0.22942988175076828:-0.6893771297817467:-0.6871085978851927:-0.16836624899361755:-0.7234084254320374:0.6695764356937026:-0.9586519127953829:-0.037935097239593374:-0.28204001962285535
013:0:-588.512099772061:593.3495450587322:89.92470336242752:0.2302748077821617:0.689528092061895:0.6866744022750465:-0.16918404138904547:0.7232609916384366:-0.6695294144775442:-0.9583051872462943:0.0380015885907958:0.28320661112682716
014:0:-641.2471198086367:637.9319867733765:199.63577076188946:-0.19860867041996866:0.7095346846959201:-0.6761008246671295:0.17254877627375445:0.7043839395133886:0.688527273335602:0.9647695809234726:0.020087271816366926:-0.2623267336954245
015:0:-537.9156143586272:535.2051647999556:262.4100176117205:-0.4799301575163373:-0.6953408682971791:-0.5349442546697584:0.546777335750838:-0.7139221005947212:0.43743431021163304:-0.6860760308273287:-0.08255762708620368:0.722829934921332
016:0:-518.590589651625:519.4904205756599:235.38637659892188:-0.4794726041663213:0.6951974287583698:0.5355406733566231:0.5460075391781355:0.7140868887429208:-0.43812624150019075:-0.6870083611571366:0.0823398133810753:-0.7219686861447581
017:0:-477.16302525162365:469.74481630906075:346.91486400613564:0.495408573059876:0.6860482447745628:-0.5328277110137823:-0.51386342449926:0.7260101607606555:0.457003879747495:0.7003665440382207:0.04739713397826483:0.7122073884673381
018:0:-384.84103640332665:385.5891998165649:298.4024708083398:-0.7269585108485564:0.680717813982206:0.09030224491533533:0.6821000833597247:0.7310024080748798:-0.019356086735228234:-0.0791872268608949:0.047524059085317344:-0.9957261917588988
019:0:-388.7735586470028:386.7007632981527:334.8995801019184:-0.7268336235050056:-0.680529217239436:-0.09269735390669173:0.6822508671619553:-0.730929997936136:0.01657298567894976:-0.07903371966628525:-0.05119701948343419:0.9955562896103254
005:0:623.3094487418853:627.3749780528404:163.40126388723206:-0.3919119332485684:-0.6840615771360709:0.6151954787082725:-0.46332857767410135:0.7244536946959838:0.5103865761096089:-0.7948165373968273:-0.0850109095279684:-0.6008672335136371
006:0:600.4636816085346:608.2448292780668:184.93947170903303:-0.39265458839096057:0.6843477446375361:-0.6144032461288504:-0.46402909003775844:-0.7242073152214482:-0.5100999174074375:-0.7940409352274586:0.08480772565248218:0.6019205031514789
007:0:670.9717032485112:683.9147983161014:263.10742911563807:0.39489034187462285:0.6603018975697408:0.6387987007482009:0.43396991379138855:-0.7469095682532434:0.5037829032021539:0.8097736549232224:0.07828020096613553:-0.5814984500115636
020:0:529.099661573478:547.1993911286388:294.3805603561142:0.6995468281018871:-0.67435095480901:0.2363990535772482:0.6051284431618937:0.7349922063712209:0.3059528747779467:-0.38007205569566344:-0.07097626833443164:0.922230799806345
021:0:520.8694676530433:536.3826757109339:260.2277943435711:0.699187698830154:0.6743818889995442:-0.23737113619573766:0.6047894580863643:-0.7349755456340834:-0.30666241654351584:-0.3812705884976961:0.0708547204793333:-0.9217453892656673
022:0:444.72997121944917:470.91726601899137:341.16253950686274:-0.6715952653563774:0.6949424269104647:0.25693253888596523:-0.6261402677921184:-0.7177353479569172:0.3046399201513784:0.3961177338904832:0.04371863705156334:0.9171594663657424
023:0:366.95234561000734:391.79329435297717:297.4965688899123:0.7099771488411628:0.7038510651908896:-0.022937020289187645:0.6989567221942719:-0.7082685860519907:-0.09906978127605619:-0.08597597814028624:0.05430532154272876:-0.9948160000626893
024:0:368.22236506790597:395.77374827654955:333.9855531755798:0.7102717558342462:-0.7036318557686179:0.02040320047086147:0.6992689376920138:0.7086036965967722:0.09435754556789547:-0.0808508003875068:-0.05275220565486143:0.9953291343689694
025:0:605.75414640836:-612.6946151028556:79.23289449203672:-0.2394784273287367:0.6937095183651374:0.6792767132635851:0.16115453604600302:0.7183307466128932:-0.6767795912686484:-0.957433651023769:-0.052605384588199806:-0.2838195266078228
026:0:580.6841016210232:-587.6753592444626:88.98876882710312:-0.24027744738668957:-0.6941098609394019:-0.6785851891634377:0.16211607310175657:-0.7179407363903954:0.6769638237938458:-0.9570711525140436:0.0526493217115816:0.28503165754315823
027:0:634.1304015594025:-631.7307324865963:198.57290534996292:0.20577656024076732:-0.7192186457984032:0.6636114941903369:-0.16523197875224443:-0.6939230853280384:-0.7008351148055848:0.9645488962332599:0.03456536513181443:-0.26163136413991117
028:0:530.9282900258478:-528.7375944927275:262.9628032024914:0.4759334090988897:0.7045723184441274:0.5263692229997107:-0.5507371016072777:0.705385017314216:-0.4462294755106194:-0.685694235191619:-0.07751527097723855:0.7237504194361256
029:0:511.90304650257326:-512.723516796129:235.90167850112604:0.4751069580510136:-0.7047327082093284:-0.5269008988140724:-0.550162585581323:-0.7052347183976787:0.4471746385215741:-0.6867276921151362:0.077425101240354:-0.7227795440318976
030:0:470.5354797017718:-462.77997927930596:347.36870967652:-0.4939814987847105:-0.6931668956281506:0.5248821128902591:0.5172282809199549:-0.7195187536296819:-0.4634303368731679:0.6988974834585596:0.04255759415546519:0.713954432381262
031:0:379.46477383843785:-377.6554009154831:298.33426660312426:0.7176037259988425:-0.68982055708553:-0.09587703601008893:-0.6917617711078059:-0.7219341228619633:0.016627903910307246:-0.08068714435909645:0.0543918603774128:-0.9952542104698058
032:0:383.4762904094895:-378.73126924253546:334.825696125087:0.7178575645533464:0.6896876587061782:0.09492901995473191:-0.6916562311881647:0.7220575403612888:-0.015626767107769415:-0.07932177439729979:-0.0544405046799956:0.9953613009002384
033:0:332.721684462027:203.04225959991652:269.16069470639894:-0.7760711647655784:-0.4775335996136148:0.41191701431522426:-0.4198520909159128:0.8786059541597064:0.22754279980204978:-0.4705719569150262:0.0036451999381391874:-0.8823541156947877
034:0:338.08449390518484:210.5157266672353:368.76519907707336:-0.7895269429547063:0.4877293688929021:0.37251544527774677:-0.43290452027633275:-0.8728371895648023:0.22527533033838784:0.43501861206935455:0.016597298600451543:0.9002684962447145
035:0:190.48237092469626:-343.45889112560394:269.36931591107873:-0.39630968307224473:0.8929687528841582:0.2134149456493893:0.7880497693688496:0.4501157128976051:-0.41996836404450766:-0.47107992977757324:0.0017440623788182676:-0.8820888169692775
036:0:197.8218767241352:-348.98209572533557:368.9771438164609:-0.4075917784342061:-0.8877004022057728:0.21414376492126036:0.8030008862836714:-0.4600874208381527:-0.37882602891706724:0.43480871960869094:0.017551256156572142:0.9003517506758176
037:0:-346.3625146163583:-212.3455916448318:269.6740516577163:0.7723287475137123:0.48136572743259026:-0.4144825284767527:0.4221302588752938:-0.8765119698507956:-0.23137157217714757:-0.4746731285034055:0.0037293128301882955:-0.880154270017286
038:0:-351.57136394964874:-219.79643648721716:369.2865875330183:0.7877458894240839:-0.49185720029343316:-0.37085483222370064:0.43660977955276475:0.8705100450216127:-0.22712137433563126:0.4345440944196101:0.016995078134559707:0.9004902044627073
039:0:-198.8544651301334:353.62783310282384:269.4766608708023:0.3937152007952403:-0.893916424836984:-0.21424808002572726:-0.7885952761356999:-0.44822256784208814:0.4209679410033446:-0.47234087941058056:0.0032135498259933813:-0.8814101491824757
040:0:-206.06845115088058:359.19340671329286:369.08727741732474:0.4071886586031797:0.8882237702005598:-0.21273581788591225:-0.8031564680513649:0.45912357982413765:0.37966458291529837:0.43489902381106493:0.016265021395121336:0.9003323458226051
041:0:-103.32393356681165:390.09132653072754:269.41115157143093:0.22068406528963339:-0.9677051347494269:-0.12184346588188365:-0.8535410982392524:-0.25206330670032645:0.45599523909954304:-0.4719810574974698:0.003367533760418783:-0.8816022135956771
042:0:-109.22475745870388:397.0472144693111:369.0173548942737:0.23090528179443975:0.9643949496756457:-0.128940370854001:-0.8703395416138857:0.2639687038065737:0.415727726946328:0.4349618368237785:0.016228170810932953:0.9003026779881446
045:0:-0.021246963023754537:402.2872485688322:269.343480836521:-0.020259008521919995:-0.9997726852477772:0.006675549202754305:-0.8817605171009211:0.021014080917423662:0.47122897421395504:-0.4712620400538001:0.003660394841224261:-0.881985695299727
046:0:-3.809102490620817:410.59764298707614:368.95045253106804:-0.014880700689718264:0.9998300839397388:-0.010897737666782153:-0.9002671068260014:-0.008654812760372261:0.435251934354249:0.43508356903429646:0.016287724886466546:0.9002427333337654
047:0:105.72888123492636:383.55624952829186:269.280040821438:-0.27421540227837504:-0.9511291544022552:0.14198451292992828:-0.8385509987953901:0.3087675835090988:0.44888172799100146:-0.4707846301238685:0.004029043582856202:-0.8822390124732339
048:0:104.50139272995341:392.62961733256606:368.88754832309763:-0.2744216977568401:0.95468210974761:0.11521853097783231:-0.857554602059771:-0.2971752252890117:0.4198653565256574:0.43507794879531214:0.01641397171308529:0.9002431931352851
049:0:198.7831992781804:348.62218086125904:269.22348184452306:-0.42953186466696397:-0.8744698952327338:0.22540005492926068:-0.7706467817645608:0.4850650365317225:0.41329838154587817:-0.47075056518371844:0.003821001952632924:-0.8822580371718137
050:0:199.31312651189657:357.7781498645962:368.834266021546:-0.4335005877855296:0.8801422870440857:0.19346152257997623:-0.7891357371266078:-0.4744254980528729:0.3901092401085167:0.43513460217043226:0.016445184631257343:0.9002152461745316
053:0:280.1891205049064:284.1953168883263:269.177107254975:-0.6892997458380166:-0.6258496317794515:0.3649363154867008:-0.550856167402441:0.7799348300751511:0.29708442130143276:-0.4705566067574509:0.0037528057386928175:-0.8823618630559751
054:0:284.1435337599919:292.4965508989453:368.78196501220566:-0.7001638394207923:0.6348272593776285:0.32674977022560914:-0.5660871234541262:-0.7724773256576635:0.28779187827585795:0.4351047921335379:0.01653265017892558:0.9002280338470223
043:0:365.1411059769236:103.89014767891318:269.1564186038942:-0.8540302819624269:-0.2529598435391521:0.45458122642823:-0.22175808227698757:0.9674715781404195:0.12174581863849275:-0.4705910804968479:0.0031675585705315946:-0.8823457124619281
044:0:372.1345757750978:109.87386779713276:368.7540889262775:-0.8703329421979797:0.2639930893524218:0.4157267873241458:-0.23077565342519676:-0.96438231622881:0.12926426715481196:0.43504438413133106:0.01656331630498714:0.9002566680769032
051:0:377.35206357529677:0.6228534010090934:269.17400986044476:-0.882114249292553:0.019915041551014853:0.4706148303897719:0.018827061522269133:0.9997981391275768:-0.007019328654466864:-0.47065944754344885:0.002668443477015476:-0.882310964316052
052:0:385.70752043009617:4.491919367431919:368.7685449170768:-0.9002104976076051:-0.008248734191712953:0.43537745953335216:0.014869763787254272:-0.999819762282123:0.011802793078183743:0.4352015058790912:0.01709895384136157:0.9001706527715272
055:0:358.6081281368645:-105.09497969138623:269.20582504550157:-0.8392763611136392:0.30729486280684454:0.44853718350448474:0.272118247321893:0.9516117437919781:-0.142781959450479:-0.4707093254117742:0.0022216378617829747:-0.8822855639377375
056:0:367.72088275743187:-103.7843570034152:368.8035297480794:-0.857774922199471:-0.296138413450772:0.4201484763050184:0.27397697559399703:-0.9549841808635016:-0.11376204972286523:0.4349243572274216:0.017528768492581115:0.900296355859704
057:0:323.5983940971536:-198.10732423743235:269.24907556622605:-0.7717890814609114:0.48371269422421415:0.4127517686228687:0.4275164824136731:0.8752250535890317:-0.2262979633372986:-0.4707137530991051:0.001803856876720325:-0.8822841448268026
058:0:332.7921402548616:-198.56932084485604:368.8493982811995:-0.7895295567328263:-0.4733632232930698:0.39060304793301054:0.4330041864142889:-0.8806936228891786:-0.1920577511107374:0.4349145746210547:0.017497458019049197:0.9003017221308255
059:0:259.14147741391906:-279.4874773837665:269.3119030913269:-0.5526729767073812:0.7789048913448859:0.2964121546639951:0.6876043098435037:0.6271402261480201:-0.36591726071210706:-0.4709066425111127:0.0015816884871316325:-0.8821816657865994
060:0:267.4809333316857:-283.3800600779535:368.9119974538142:-0.5668668547539559:-0.7715173657866099:0.2888311039137962:0.699722691301862:-0.6359650044828277:-0.3254791654610863:0.4347991900452175:0.017598348131298666:0.9003554653781424
061:0:97.61658542084312:-395.28549968636474:269.4414972461314:-0.22355306025935368:0.9670999312472922:0.12141724130603958:0.8532119604220865:0.25439108209290234:-0.4553180903577528:-0.4712254751697632:0.0018069000694023486:-0.8820109570032413
062:0:103.64295457330063:-402.19803882003214:369.04373707047415:-0.23152131420933725:-0.9640340873442061:0.13052445604159:0.8703059135079888:-0.2652018977149193:-0.4150128489959473:0.4347017475540287:0.017511887833623657:0.9004042130993074
063:0:-5.68784321077811:-407.49797526084575:269.51152857237906:0.01760806507509578:0.9998210375079323:-0.006943360890102131:0.8815932658817299:-0.018801247643867654:-0.471635248943757:-0.47168129829479066:0.0021833630870559126:-0.8817663428031446
064:0:-1.7745106845503096:-415.76967215695396:369.11577843607057:0.014666174963693568:-0.9998166707314446:0.012328911733728088:0.9004538379319471:0.007846043950781891:-0.43488074249478165:0.4347041862265244:0.01747965065832079:0.9004036961982662
065:0:-111.43687640648577:-388.76426387508883:269.5775008169902:0.2712422302305295:0.9518887297789165:-0.14260422681381055:0.8385127526399583:-0.3064332653682419:-0.45054977016899583:-0.4725718321253556:0.002632677786657254:-0.8812882532067572
066:0:-110.08222052241975:-397.79511921604836:369.1827291780713:0.2738481441580526:-0.9550321658828099:-0.1136715284164269:0.8579923792216956:0.29598990224708105:-0.41980825519156584:0.43457594905756786:0.017434397993284584:0.9004664582216417
067:0:-204.489915757045:-353.8254250727127:269.6204237807467:0.42687422452520557:0.8755218572013657:-0.22636352347756608:0.7708863346289498:-0.4831715085029611:-0.41506561328162705:-0.472771293164549:0.0026802588734559764:-0.8811811091435888
068:0:-204.89699983090762:-362.9488764414044:369.2317719127546:0.4329720503250281:-0.8807275690617392:-0.1919756254820957:0.7897506505234178:0.47330595235009726:-0.3902248151167432:0.43454485815982274:0.017343571152382165:0.9004831637881011
069:0:-285.8946384364006:-289.40059814552734:269.6517655483444:0.6872768815409844:0.6266729460419027:-0.36733082309073584:0.5505060101752038:-0.7792741587735583:-0.29945764112542295:-0.4739133261777709:0.003592485203459217:-0.8805641852365548
070:0:-289.7227988483517:-297.66893057304384:369.2609579380101:0.6998801760170912:-0.6356921616778319:-0.3256742094540019:0.5668551749660697:0.7717531182932461:-0.28822267673510227:0.4345608787051898:0.01711119010077381:0.900479888244584
071:0:-388.2117984789396:-103.24607701932057:269.67496519227376:0.8523136396689552:0.25217923905963147:-0.4582222521260045:0.21970074748149904:-0.9676679648015444:-0.12389584972254405:-0.47465090257396536:0.004926332854993801:-0.8801603833939475
072:0:-395.08727083694333:-109.18832960878154:369.28645950669977:0.8704467615438511:-0.2646181845279514:-0.4150906291577199:0.2312912576375129:0.9642059508992082:-0.12965782356205902:0.43454257795725254:0.01685338417204001:0.9004936558911477
073:0:-400.4281557881889:0.022288004275984718:269.66579714532486:0.8812217898539533:-0.01994995423969973:-0.472282359029157:-0.019054565749275793:-0.9997961771575401:0.006679447736910032:-0.472319230928604:0.00311305925681972:-0.8814220377209163
074:0:-408.6626376984373:-3.806616931838792:369.2755835729686:0.9005040077726499:0.008276704824208479:-0.43476946225880914:-0.014706865231826398:0.999826543213458:-0.011427488885355946:0.43459934478537515:0.01668459128811406:0.9004693749691548
075:0:-381.67978849175006:105.73917488548113:269.6325295853407:0.8376770466958164:-0.3068985747758902:-0.45178634706117654:-0.27112912689560775:-0.9517400718670297:0.14380479239459165:-0.4741165407925773:0.002030463220864903:-0.8804598000803042
076:0:-390.68025142823905:104.46802377121894:369.24201091597735:0.8578757193369635:0.2966715576562221:-0.4195661713503138:-0.27406597983411657:0.9548366732741366:0.11478129354587828:0.4346693877175848:0.01652071049817641:0.9004385348256266
077:0:-346.67561224463657:198.75544565989063:269.59350703972143:0.7696141978401444:-0.4842492354714714:-0.41616955397893335:-0.427168124537297:-0.8749273070617526:0.22809982900810385:-0.47457516465934135:0.0022254817246958125:-0.8802121673836913
078:0:-355.7429291936527:199.24924980680038:369.20381122538396:0.7894414575877441:0.4741617743862521:-0.3898117895902437:-0.4333504309835943:0.8802842807247668:0.19315041687820633:0.4347296447865213:0.016444152190886643:0.9004108880356475
079:0:-282.2116021864248:280.1282973787327:269.539627508137:0.5501564772777362:-0.7800486021495007:-0.29808138382322213:-0.6879682215689621:-0.6257129314808241:0.36767234140056704:-0.47331556646582873:0.0027932007352668613:-0.880888530701257
080:0:-290.4251550953251:284.06164788888395:369.1504694019406:0.5662989802817194:0.7724168901339599:-0.2875380085784198:-0.7001470539592416:0.6349057293271719:0.32663269707855264:0.4348560077498499:0.01634713245438291:0.900351613492645
081:0:-62.04197905025744:-0.12293122854014905:461.42438206020256:0.14841002704612005:-0.014089134276131031:-0.9888255531971852:0.003175375362300168:0.9998999124384571:-0.013770348021105714:0.9889206295531453:-0.0010962856302627931:0.14843993279121784
082:0:63.53260634847203:1.6475227881722327:461.2570236151828:-0.1469372095896903:0.014093963838129176:0.9890454734685187:-0.000985949726594257:-0.9998998380073838:0.014102171061595947:0.9891451812326093:0.0010970354525501966:0.1469364045426392
083:0:1.6300876510305895:-61.98166415785167:461.5765014078271:-0.0016274439823334172:-0.9998201999178057:0.018888813448574696:0.1488517459569021:-0.018920612586111208:-0.9886783831497485:0.9888580245588044:0.0012026176916106201:0.1488558348436885
084:0:-0.1391649223851223:63.50645145909298:461.4456457836791:0.0025639002050566835:0.9999546539201498:-0.009162825721332266:-0.1466673108829606:0.009439794355339565:0.9891407761174236:0.989182515894436:-0.0011921744119217932:0.14668483105554772
089:0:-62.36830508173188:-0.4263723356854006:189.03032743506412:0.14637714388530623:0.014092924660514873:-0.9891284321643302:0.0009780402279364827:-0.9998999120311165:-0.01410166436892828:-0.9892282449910081:0.0010968048575195383:-0.1463762733598381
090:0:63.20728605003693:1.3440420474465702:188.87322781155098:-0.14993710140710362:-0.014100026886339554:0.9885949493048182:-0.0031989922469836665:0.9998997650130155:0.013776088901879445:-0.9886902332454325:-0.001097011626104469:-0.14996720474535433
091:0:-0.4646363423269784:63.19783127288591:188.95671296296297:5.07794802381344e-05:-0.9999635452349405:-0.00853465751365379:-0.14882875423231207:-0.008447166679546345:0.9888267988040124:-0.9888627946908684:0.0012199936922758755:-0.14882382051444348
092:0:1.3047179152872594:-62.281902973720314:189.09574328522186:-0.004092368659737646:0.9998061999155203:0.01925061191146202:0.1466050798952321:0.01964262220289159:-0.9889999295451746:-0.9891864877095444:-0.0012251182844043355:-0.14665703156112445
001:1:-628.4957909003155:-635.6430675523054:162.80628338217272:0.38271251031243175:0.6959339219171463:-0.6076243998942306:0.45714522955516373:-0.714187108404937:-0.5300506338595408:-0.8028380595772794:-0.07491583541335047:-0.5914724752567166
002:1:-605.8647467469419:-615.9164623752521:184.00186218827167:0.38345374273282645:-0.6960748845555389:0.6069951574212973:0.457731116801764:0.7140696846661889:0.5297030408030378:-0.8021503102926189:0.07472419246146407:0.5924291406542179
003:1:-675.1898546928767:-691.3557503964042:263.43666809919034:-0.3887581532001414:-0.6674189592500565:-0.6351528795119503:-0.427043118640308:0.7413856973179551:-0.5176678921865066:0.816395101795761:0.06999033800116439:-0.5732376775272456
004:1:-534.924309582561:-554.2404817837211:297.07828833452476:-0.6938684241638888:0.6824276214829905:-0.22986865100628207:-0.6097315777349894:-0.7266110980706724:-0.3166438863863945:-0.3831118364692077:-0.07955160189545604:0.9202694209267575
008:1:-526.9446592829211:-543.0137868002357:263.0126527299813:-0.6937584432526016:-0.6821462138839764:0.23103328166667544:-0.6091634194743527:0.7269117005332861:0.31704686997257925:-0.38421331792926383:0.07921751067781692:-0.9198388663375774
009:1:-451.38371456824143:-477.37239649051287:344.34695630780635:0.6639514057640853:-0.7047461416476746:-0.25000369222376234:0.6312669264252784:0.7074627652941006:-0.3178019061670309:0.40083817099776436:0.053186510357071136:0.914603159413268
011:1:-375.31768992376215:-396.8043276403903:299.2630949510537:-0.7005801947716539:-0.713492598299961:0.010739806961138304:-0.7094990344906159:0.6981070416159088:0.09621549419515842:-0.0761465560509713:0.05978676668216623:-0.995302403312919
012:1:-376.4372177858307:-400.7175318994643:335.7612837094746:-0.6999542843657127:0.7139958282678631:-0.016551135103273197:-0.7099693011264794:-0.6981480836811912:-0.09237152145588823:-0.07750799175897892:-0.05290500760818933:0.9955868794769778
010:1:-613.9960030275299:618.0576791352636:80.34688626580981:0.23009208799729045:-0.6894090798046768:-0.6868547968989257:-0.16896523728021115:-0.723375194394037:0.6694615168979612:-0.9583878139282201:-0.0379835191382898:-0.28292988672397784
013:1:-588.5676532722563:593.3973857040505:90.11077754921277:0.2309366944928961:0.6895598913819623:0.6864198476078116:-0.1697828796089916:0.723227911303106:-0.669413742063629:-0.9580400332109386:0.0380502012361948:0.28409613952549745
014:1:-641.3763975986462:638.0504714703063:199.7576330464878:-0.19927485289168967:0.7095776370865107:-0.6758593836895015:0.173148971549139:0.7043381989851631:0.6884235079716214:0.9645246955245649:0.020161432980669088:-0.2632203064522012
015:1:-537.9436634810635:535.2256899305511:262.47523915076727:-0.48031484730000895:-0.695367468138213:-0.5345639810626531:0.5471494411674435:-0.7138933908512823:0.4370161712547665:-0.6855101110868048:-0.08258125987698063:0.7233640435762734
016:1:-518.632798439114:519.5266095371736:235.4323845868719:-0.47985778437022153:0.6952238024768237:0.5351608527603474:0.5463801349950551:0.714058254420028:-0.43770863099635976:-0.6864430433659482:0.08236360624279479:-0.7225035470895781
017:1:-477.1436960687336:469.71958410508597:346.91054291070657:0.4958001873448981:0.6860555541321984:-0.5324536541340783:-0.5142432082199665:0.7260008168395543:0.4565917314591104:0.6998106582232105:0.04743255987268154:0.7127513684461019
018:1:-384.84281104694554:385.5863834886749:298.40364744114765:-0.7269616755493035:0.6807142724739966:0.09030237677416049:0.6820970693590133:0.7310054221244197:-0.01935258070325209:-0.07918514531665355:0.04752635729809146:-0.9957262671067989
019:1:-388.7753332829997:386.69779266010374:334.9007760218062:-0.7268367881921604:-0.6805257510931736:-0.09269746692835451:0.6822477778244946:-0.7309329366253585:0.01656946905700451:-0.07903163813098399:-0.051199312979670376:0.9955563649581006
005:1:623.2913934121736:627.3596610831083:163.2416450533997:-0.39164831741742234:-0.6840886296005203:0.6153328937959593:-0.46307645288604515:0.7244347805773855:0.5106423030633052:-0.7950933019953123:-0.08495379039690261:-0.6005090575269217
006:1:600.4407652354231:608.220291129781:184.76644451075964:-0.39239119869250805:0.6843748726021799:-0.6145409631980805:-0.4637773044055516:-0.7241882502907402:-0.5103559468152127:-0.7943182272000819:0.08475077576559449:0.6015626271669244
007:1:670.9207002543278:683.8677281271582:262.98157142610614:0.39462453801744907:0.6603324919868625:0.6389309529642544:0.4337127000517818:-0.7468899757693723:0.504033466517469:0.8100410034945201:0.07820829749227509:-0.5811357925815022
020:1:529.0926785924597:547.1943368934976:294.3231335936749:0.6993803764760526:-0.674374691749454:0.2368234367729697:0.604955247570232:0.7349693736951747:0.30634982979837655:-0.3806536191398422:-0.0709870865392332:0.9219901251033737
021:1:520.8467825071737:536.3629603015185:260.1788165282042:0.6990207189883735:0.6744054752701344:-0.23779533219380503:0.6046156965723093:-0.7349527882739613:-0.30705907126131077:-0.3818518531635333:0.0708655292834476:-0.9215039603682861
022:1:444.74347422955793:470.9335476242077:341.1766983806632:-0.671421805929645:0.694953805587096:0.25735456456098027:-0.6259604411535881:-0.7177246474795553:0.3050344048034558:0.3966956431317188:0.043712589774744404:0.9169100524507667
023:1:366.9505324063068:391.79398877486904:297.4978033873029:0.709973833475354:0.7038543052235883:-0.022936521110402674:0.6989603389569724:-0.7082654213688897:-0.09906679562181402:-0.08597378359416848:0.054303155241796484:-0.9948163014536539
024:1:368.2205132814965:395.77428838771544:333.9867876686917:0.7102685158108245:-0.7036350958328103:0.02040272248528539:0.699272479112963:0.7086006825835699:0.09435455050556651:-0.0808485964180863:-0.05275003462347666:0.9953294357588893
025:1:605.8017534824194:-612.7381337951729:79.38223531829338:-0.24016854408816615:0.6937326515352626:0.679009202156034:0.16175298887336248:0.7183024894832615:-0.676666558406303:-0.9571596764598508:-0.05268202734280427:-0.28472763262390643
026:1:580.7410063317793:-587.7225816908582:89.17165908193313:-0.24096722486078803:-0.694132918774556:-0.6783167701521676:0.1627143750477063:-0.7179124038870688:0.6768500358356712:-0.9567958970739058:0.05272649670028062:0.28593938025652327
027:1:634.2640801305862:-631.8486380745335:198.68982850618343:0.20647155950873305:-0.7192528568898803:0.6633582989378384:-0.16583180980039766:-0.6938817155279924:-0.7007339874160452:0.9642971487887678:0.03467552211475786:-0.26254249027025656
028:1:530.9569171687353:-528.7590458244609:263.02866090971355:0.4763357597702378:0.7045962811924527:0.525972487100055:-0.5511003437481585:0.7053619588205445:-0.4458171037706639:-0.6851227533128844:-0.07750476843620763:0.724292436782037
029:1:511.94652704041647:-512.7603620230423:235.94797595215147:0.4755098709902458:-0.7047565201606222:-0.5265047632345793:-0.55052642794659:-0.7052116599891475:0.4467628293258484:-0.6861570432113012:0.0774144244813384:-0.7233223183478743
030:1:470.5146847481168:-462.75671495391646:347.36415717959795:-0.4943903629230606:-0.6931707386545384:0.524491410153554:0.5175983007045786:-0.7195145338360012:-0.4630233956717069:0.6983342214913338:0.0425613006037093:0.7145050331328731
031:1:379.4665099172371:-377.6547450721899:298.3331092772553:0.7176068907258203:-0.6898171663515922:-0.09587706426511503:-0.6917581542769741:-0.7219375135959012:0.01663054575524743:-0.08068926359591198:0.05438959517876816:-0.9952542104698058
032:1:383.4779879156669:-378.73065197439905:334.82453880488606:0.7178607292932013:0.6896842679510344:0.09492904820961962:-0.691652689693565:0.7220609311164325:-0.015629416003493057:-0.0793238936427384:-0.05443823475780213:0.9953612255538712
033:1:332.72068150468914:203.0428382735333:269.1613119445836:-0.7760691305221797:-0.4775376307384192:0.41191592179158204:-0.4198542005016595:0.878603769064018:0.22754743360922192:-0.4705732754061179:0.0036479051125022886:-0.8823533622302069
034:1:338.08345237970565:210.51601600138397:368.7658549089513:-0.789524833383423:0.4877333623069335:0.3725143150527732:-0.4329095305081302:-0.8728350044892002:0.225274256624663:0.43501721824547107:0.016594611993488172:0.9002691743796987
035:1:190.48391414224758:-343.45896827506976:269.3682357103977:-0.39631322463596114:0.8929664926459004:0.21341688588149982:0.7880493926067521:0.4501198566677443:-0.41996463427792624:-0.4710775185001493:0.0017454950402555967:-0.8820900978992147
036:1:197.82345850162451:-348.9824429013062:368.9760635933153:-0.4075954329791866:-0.8876981419455476:0.21414544146736741:0.8029976461716267:-0.4600915646485657:-0.3788278373263513:0.43481120620630653:0.017549792873520056:0.9003506204200151
037:1:-346.3615502380809:-212.34815712415553:269.6733572663282:0.7723267132782834:0.48136975859870335:-0.4144813606092923:0.4221353067928395:-0.8765097093838163:-0.23137076220455402:-0.4746717723464529:0.003726614397731727:-0.8801550234801636
038:1:-351.5703609989606:-219.7993298295761:369.2858931288116:0.7877437798523239:-0.49186119370866815:-0.3708537773561991:0.43661207747914615:0.8705077092504375:-0.22712587635943224:0.4345454882438086:0.016997757678508675:0.9004894509859206
039:1:-198.8561048008821:353.62594291727027:269.4777217882608:0.3937188553922675:-0.8939141645704578:-0.2142499449196973:-0.7885920359775109:-0.44822671166405265:0.4209697117107505:-0.4723432906910933:0.003212123032748776:-0.8814088682452034
040:1:-206.07009080408488:359.19116933074116:369.08839621270283:0.40719231316110294:0.8882215099137686:-0.21273756977118569:-0.8031559405893965:0.4591276483403618:0.3796608154200866:0.43489653720464294:0.0162664823409067:0.9003335514210729
041:1:-103.32573721278976:390.089899636068:269.4123475231284:0.22068800247639628:-0.9677039296019104:-0.12184552858209272:-0.8535386115949811:-0.2520678071730832:0.4559974242431435:-0.47198369484745456:0.003366712282912447:-0.8816007819498699
042:1:-109.22660931069527:397.0454404910979:369.0185894165933:0.2309092566151:0.9643936692056378:-0.12894232051617258:-0.8703398430220874:0.2639731101298359:0.41572433622950783:0.43495916182598815:0.016229028772914295:0.9003039589256099
045:1:-0.02312576357694727:402.2862844771064:269.3447153670264:-0.02025490405445842:-0.9997726852477772:0.006673402911868959:-0.881759160719247:0.021009444050480747:0.47123176215515994:-0.47126479049441694:0.0036604189670548016:-0.8819842636542434
046:1:-3.811023465401731:410.59637042424185:368.95172564909353:-0.014876550223332534:0.9998300839397388:-0.010899788606723925:-0.9002685385897248:-0.008650238404998846:0.43524910871942685:0.4350807808628351:0.016287739008479536:0.90024408963848
047:1:105.72707756027081:383.55578674589407:269.2812174819074:-0.27421148386752575:-0.9511305102100613:0.14198245023267225:-0.8385508480872805:0.30876315830306494:0.44888511872621684:-0.4707872298387589:0.004029961871954046:-0.8822375808294763
048:1:104.49954083051692:392.6288460321717:368.8887828626262:-0.2744177228343435:0.9546833902267804:0.11521653419453717:-0.8575572394491051:-0.29717085659537157:0.41986309601626665:0.43507527372898747:0.01641308902983366:0.9002444740906065
049:1:198.78154031081223:348.62214228626743:269.22454275534665:-0.42952817237948937:-0.8744720048025865:0.22539813353536853:-0.7706473092342:0.48506100574646827:0.41330218665927243:-0.47075297647349773:0.0038224702344402646:-0.8822567562425523
050:1:199.31142897553212:357.7778026907181:368.83538482543855:-0.4334968578472288:0.8801443212660274:0.19345965765565373:-0.7891391279796085:-0.4744214672797661:0.39010735634657484:0.43513215322104287:0.01644374961010746:0.9002164517821745
053:1:280.187770358839:284.1956447949013:269.1779752434907:-0.6892971088339785:-0.6258531730499072:0.364934959254645:-0.5508579002908088:0.7799319669203145:0.2970888478921705:-0.4705583396458187:0.003755198568546903:-0.8823609589012712
054:1:284.142125762615:292.49658947721844:368.7828908911087:-0.7001611270970783:0.6348307253943517:0.3267483762835757:-0.5660917193359749:-0.7724744624264573:0.2877905973561516:0.4351030215888913:0.016530280242898453:0.9002289380256386
043:1:365.14056593794555:103.89087103003618:269.1567272181499:-0.8540290765182795:-0.25296430797186437:0.4545806236660119:-0.22176058734060639:0.9674703725552145:0.12175065957255721:-0.4705917962293104:0.003170548398293404:-0.8823453357355417
044:1:372.1339971710178:109.87432109269548:368.7544361232534:-0.8703317367728132:0.26399753490398437:0.4157260715317693:-0.2307810401689102:-0.9643811860038365:0.12926340066930356:0.4350436307406019:0.016560336513937107:0.9002571201562989
051:1:377.3519864266621:0.6236305540655225:269.17400986044476:-0.8821141739520895:0.01991040992148825:0.4706148303897719:0.018824439909576374:0.9997982144769132:-0.00701441523907668:-0.4706594098732171:0.0026715448674782243:-0.882310964316052
052:1:385.7074047091494:4.492426323688556:368.7685834945941:-0.9002104222684469:-0.008244106628807202:0.4353773088399251:0.014864249902624138:-0.999819912982556:0.011802016065200224:0.4352015058790912:0.01709585270901359:0.9001707281182407
055:1:358.6085524630508:-105.09428525615135:269.2054971388031:-0.8392774912437518:0.30729041709516297:0.4485378239472552:0.27211581754215086:0.9516131754618417:-0.14277714671142433:-0.47070853432069537:0.0022246015714573555:-0.8822860160149872
056:1:367.7212685015934:-103.78393262799003:368.8032211256851:-0.8577760523093192:-0.2961339489188222:0.4201488907149717:0.2739716452425464:-0.9549856125277555:-0.11376289737958792:0.43492518597464364:0.017525794492658876:0.9002960544706471
057:1:323.5992427511246:-198.10678414649243:269.2484583226466:-0.771790965014647:0.4837086254587627:0.4127527858089432:0.4275143728334894:0.8752273140142824:-0.22629332948962574:-0.470712472282565:0.0018065910199973041:-0.8822848229508523
058:1:332.79298891445933:-198.56905078027864:368.8487810332484:-0.789531515641699:-0.47335907888688783:0.39060387675716374:0.4329991761281337:-0.8806958834743688:-0.19205873063019116:0.43491589311741136:0.017494707640401178:0.9003011193496232
059:1:259.14273120411025:-279.4872459285506:269.31103507972443:-0.5526760659740781:0.7789018776050955:0.2964138499991561:0.6876031796239804:0.6271438426357686:-0.36591315423360604:-0.47090453276800254:0.0015836653709374977:-0.88218279601004
060:1:267.48220640194:-283.38009865611616:368.9111487252193:-0.5668700193462073:-0.771514351867654:0.2888325355405099:0.6997186978878306:-0.6359686211855747:-0.3254806347621872:0.4348013374471023:0.01759634434611785:0.9003544858440751
061:1:97.61839872032176:-395.28600102074574:269.44026272213745:-0.22355695978761247:0.9670986507958984:0.12141937934426764:0.8532123371881017:0.2543955636727805:-0.45531477498569867:-0.47122283780765584:0.001807728743885468:-0.8820123886411737
062:1:103.64476784955112:-402.19884866598744:369.0425025421082:-0.2315253267160003:-0.9640328068958022:0.13052633036367878:0.8703035022363791:-0.26520641694458047:-0.4150150341352669:0.4347044225584707:0.017511025178586777:0.9004029321555683
063:1:-5.68597138319242:-407.49897793285515:269.5102361624467:0.01760400059440322:0.9998210375079323:-0.006941140996897749:0.8815947729892868:-0.018796629530317608:-0.4716325363296266:-0.47167854782349933:0.0021833458750501354:-0.8817677744606023
064:1:-1.7726049359867422:-415.7709447663712:369.1145053191962:0.014661986828783148:-0.999816595411285:0.012330887321621603:0.9004525568830906:0.00784136468586447:-0.4348834551017582:0.43470697439168265:0.01747963418203587:0.900402339894778
065:1:-111.4350727288401:-388.765729384142:269.57626627076394:0.2712383494902742:0.9518900856158283:-0.14260208873707894:0.8385154653904281:-0.3064288588982786:-0.45054769802414585:-0.4725692324061554:0.0026317665394966967:-0.8812896848704718
066:1:-110.08037828550648:-397.79689324129674:369.1814946329613:0.2738441315960585:-0.9550334463867681:-0.1136696069747579:0.8579923038684187:0.29598542048322757:-0.41981157062032803:0.43457862409889725:0.01743527716282203:0.900465177260529
067:1:-204.4882567891768:-353.82735383101124:269.6193050030716:0.42687060758944645:0.8755239667807547:-0.22636152673669926:0.770889725506224:-0.4831674400284251:-0.41506391793560804:-0.4727688818740429:0.0026787964711144337:-0.8811823900716921
068:1:-204.89530227599553:-362.9511138542993:369.2306531229404:0.43296832034597327:-0.8807296033474398:-0.19197383593076975:0.7897513287014277:0.4733018461067388:-0.39022850724368935:0.4345473071359699:0.017345002686764:0.9004819581956289
069:1:-285.8932882923677:-289.40289350054525:269.65083969106746:0.6872742445409201:0.6266764873262332:-0.3673293538348032:0.5505106437610311:-0.779271295607504:-0.29945660511162425:-0.4739115932920143:0.003590094424485163:-0.8805651647405098
070:1:-289.7214101438415:-297.67153462923807:369.26003206789716:0.6998774637035947:-0.6356956277248498:-0.3256728908727049:0.5668570585171089:0.7717501043393176:-0.2882269715427552:0.43456264924316657:0.017113557702863776:0.9004789840745518
071:1:-388.2113355973147:-103.24884503419142:269.6746180003205:0.8523125095868631:0.25218370347821534:-0.4582215740167208:0.21970615304083996:-0.9676668345689915:-0.12389523754055187:-0.474650186855307:0.0049233424480309654:-0.8801607601213273
072:1:-395.0867693791295:-109.19144477522828:369.2861123095407:0.8704455561164142:-0.2646226300296048:-0.41508998871157154:0.2312939321796388:0.9642046699919521:-0.12966253272491451:0.43454333134940065:0.0168563639296366:0.9004932038115135
073:1:-400.4281557881889:0.019465125016869072:269.66575856802257:0.8812217145138871:-0.01994532254456204:-0.4722822836828635:-0.01904902472284273:-0.999796252507944:0.006679995763466285:-0.4723192685986371:0.0031099578224230593:-0.8814220377209163
074:1:-408.662599124492:-3.809786775494851:369.2755449952362:0.9005039324329129:0.008272076068260595:-0.43476938691167544:-0.014704047054788866:0.999826543213458:-0.011432293442425936:0.43459934478537515:0.01668769243097727:0.9004692996220212
075:1:-381.6802899589333:105.73643571602095:269.63281891563076:0.8376781768051538:-0.30689412905080904:-0.4517869121593993:-0.27112377771141105:-0.9517415035412085:0.1438054328392441:-0.4741173318691134:0.0020274990607463874:-0.880459348001726
076:1:-390.6807529044521:104.46493742193235:369.2423195374415:0.8578768494666503:0.2966670931495027:-0.41956666110605534:-0.2740633617003419:0.954837954229651:0.11477656551929706:0.4346685589558144:0.016523683303942938:0.9004388362137752
077:1:-346.6765380649421:198.752880177474:269.59408570269954:0.769616081426378:-0.4842451666260033:-0.4161704958132076:-0.4271630765261908:-0.8749295675314571:0.2281006389855797:-0.4745764454979803:0.0022227484106449136:-0.880211489263014
